0
0.294923
0.931385
1.07753
0.173964
0.142671
0.13393
0.287062
0.119223
0.674023
0.322354
0.0736096
0.0694584
0.101401
0.140085
0.288305
0.100431
0.344486
0.0946448
0.0642864
0.102624
0.296442
0.288854
1.29185
1.22606
0.0401716
0.0850868
0.0698968
0.403417
0.132639
0.386587
0.151477
0.130945
0.12256
0.261919
0.0636672
0.402034
1.29815
1.40504
0.0918327
0.240305
0.307505
0.146675
0.117993
0.234995
0.230938
0.162788
0.17529
0.0755254
0.209031
0.0794962
0.156403
0.11507
0.114444
0.334302
0.569682
0.102196
0.149289
0.0784948
0.299962
0.146489
0.173227
1.1898
1.13269
0.232958
0.148003
0.145338
1.26472
1.16555
0.149007
0.1278
0.224202
0.251865
1.33849
1.19468
0.272507
0.087559
0.0652374
0.109539
0.230842
0.138637
0.182375
0.240045
0.276744
0.162919
0.373031
0.142195
0.100702
0.118522
0.0745894
0.0968272
0.0712644
0.0484133
0.230049
0.045916
1.27241
1.20779
0.17303
0.112087
0.292165
0.10781
0.577943
0.224776
0.0832706
0.0183777
0.136017
0.0787821
0.272224
0.129755
0.0898692
0.221058
0.274666
0.320648
0.188803
0.0401592
0.130307
0.18403
0.192927
0.304691
0.253183
0.168498
0.0782688
0.427035
0.194457
0.0875558
0.136316
0.245731
0.457057
0.322427
0.18688
0.282788
0.106801
0.0351948
0.0572473
0.20917
0.292041
0.143265
0.0788349
0.0535661
0.0734099
0.103123
0.0909312
0.169603
1.1199
1.27241
0.149112
0.174394
0.183877
0.34339
1.27789
1.34476
0.142395
0.0357899
0.14271
0.342899
0.364389
0.17588
0.0678166
0.172892
0.116675
0.151324
0.215191
0.189494
0.0418871
0.0889841
0.205878
0.0840872
0.150418
0.178992
0.380567
0.0616884
0.051506
0.451217
0.165254
0.09218
1.35425
1.23772
0.264088
0.186524
0.175933
0.0802363
0.286186
0.206562
0.103707
0.0925121
0.137109
0.424452
0.385522
0.142676
0.201899
0.158157
0.0829769
0.247798
0.188323
1.32091
1.19766
0.25843
0.103692
0.169683
0.0816884
0.11848
0.34553
0.497269
0.0911144
0.329738
0.167589
0.103365
0.160771
0.204624
0.0825473
0.130185
0.126976
0.77298
0.71172
0.296885
0.044878
0.0467532
0.358034
0.125988
0.15569
0.187382
0.110977
0.24714
0.0976377
0.155484
0.222376
0.128887
0.186086
0.138328
0.124427
0.0860297
0.0890896
0.210736
0.212981
0.110986
0.207673
0.283258
0.159232
0.111658
0.169463
0.184067
0.108797
0.094451
0.390932
0.0296264
0.0757141
0.16886
0.234339
0.635376
0.312853
0.104618
0.439587
0.0901841
0.176734
0.675882
0.858567
0.638877
0.388507
0.315705
0.200394
0.1165
0.0757681
0.223485
0.213094
0.294095
0.152624
0.19085
0.152716
0.258285
0.328273
0.339303
0.303808
0.119971
0.0812317
0.0656252
0.0535293
0.180679
0.0858665
0.0813556
0.141321
0.205177
0.690399
0.476717
0.0753739
0.0657725
0.0820295
0.485918
0.771876
1.11705
0.104718
0.0986535
0.053674
0.320864
0.294849
0.242686
0.306718
0.462871
0.059639
0.128746
0.333988
0.345438
0.493111
0.188235
0.171789
0.130245
0.460416
0.0705193
0.369942
0.119142
0.187996
0.17348
0.361824
0.22704
0.13228
0.564542
0.454911
0.0690824
0.0621845
0.0328943
0.113088
0.0878981
0.959982
1.12857
0.103034
0.0588737
0.223585
0.172561
0.151199
0.120824
0.10581
0.438118
0.0903552
0.313492
0.0448162
0.424573
0.25598
0.1847
0.474306
0.421327
0.295119
0.261695
0.131013
0.225402
0.168992
0.139268
0.407505
0.0942296
0.196806
0.0962008
0.181637
0.989812
0.816793
0.0968041
0.0513849
0.0530493
0.0935923
0.0775415
0.111424
0.254693
0.122789
0.140342
0.14246
0.228592
0.119218
0.0952424
0.198249
0.114346
0.153733
0.152772
0.120985
0.239815
0.0815787
0.904534
0.920445
0.110687
0.362342
0.22127
0.307551
1.09945
0.848435
0.195436
0.162452
0.115523
0.165769
0.185175
0.253257
0.202379
0.314117
0.242551
0.352067
0.134501
0.128349
0.389849
0.200385
0.082941
0.154166
0.337387
0.267704
0.131776
0.318293
0.318364
0.0698299
0.086694
0.233134
0.277563
0.198325
0.546409
0.190786
0.0753947
0.172839
0.100465
0.151746
0.211591
0.173586
0.236699
0.263589
0.426803
0.191915
0.1045
0.0929083
0.201095
0.29831
0.276408
0.160712
0.0565101
0.187172
0.100184
0.200216
0.0621584
0.169016
0.0983456
0.0810511
0.262362
0.146532
0.0523541
0.158358
0.25214
0.115768
0.120663
0.128702
0.26207
0.129421
0.0897011
0.116717
0.174435
0.221775
0.21054
0.287194
0.228079
0.204169
0.204846
0.118554
0.157044
0.133175
0.113379
0.171457
0.204725
0.175854
0.191548
0.150521
0.208379
0.135056
0.166764
0.150765
0.0987871
0.191374
0.146787
0.18745
0.244089
0.370131
0.0925182
0.111953
0.135283
0.178606
0.196807
0.127096
0.175389
0.0484371
0.184855
0.0777034
0.103378
0.240127
0.0339182
0.0940776
0.22916
0.142165
0.13861
0.163839
0.0966792
0.201991
0.127159
0.117892
0.124425
0.122336
0.239182
0.183527
0.201354
0.146447
0.17287
0.275537
0.148633
0.081477
0.110256
0.144585
0.222378
0.128869
0.0418002
0.153968
0.0912172
0.114779
0.230931
0.0819154
0.129035
0.141834
0.299219
0.105536
0.0576357
0.177406
0.181745
0.355598
0.141675
0.195006
0.145708
0.386509
0.483739
0.111931
0.149552
0.247793
0.157979
0.093167
0.108698
0.332328
0.184828
0.190637
0.21007
0.166348
0.112451
0.1026
0.429199
0.365988
0.175471
0.183334
0.0823295
0.365049
0.267695
0.143411
0.139427
0.179386
0.288503
0.131203
0.101915
0.0823514
0.136621
0.229847
0.101665
0.0781989
0.101232
0.0931432
0.122873
0.084045
0.153064
0.234284
0.20092
0.109535
0.257827
0.125219
0.420875
0.182235
0.126155
0.195384
0.341288
0.898302
0.883692
0.141086
0.087895
0.142283
0.100692
0.345584
0.412323
0.176878
0.217965
0.0774759
0.143948
0.165299
0.248074
0.189393
0.116179
0.123222
0.0554455
0.247994
0.180781
0.308459
0.160598
0.207201
0.127869
0.230816
0.0953235
0.239472
0.188783
0.105312
0.0279338
0.0956584
0.167549
0.0918095
0.248234
0.0754153
0.0358102
0.148086
0.12915
0.198982
0.0858562
0.252197
0.0911157
0.170167
0.113919
0.129094
0.0678278
0.104492
0.173101
0.111517
0.183554
0.235136
0.1174
0.246201
0.127244
0.0589234
0.0723259
0.198913
0.0934222
0.116551
0.234657
0.109238
0.120682
0.05652
0.137072
0.122328
0.128716
0.117603
0.0587709
0.114227
0.141949
0.199094
0.0717406
0.0855507
0.181707
0.0507719
0.0638612
0.0929026
0.072874
0.278246
0.21617
0.0909295
0.151466
0.0848845
0.0859975
0.0593829
0.234421
0.170053
0.105962
0.0841915
0.0661445
0.0943071
0.146227
0.0307028
0.239292
0.20122
0.126978
0.27736
0.260127
0.159036
0.109244
0.289039
0.137976
0.20005
0.0461463
0.127941
0.243341
0.129269
0.472762
0.108654
0.198771
0.143232
0.196051
0.817603
0.918855
0.105191
0.0950716
0.190491
0.151393
0.936349
0.921533
0.274903
0.0583964
0.354313
0.388843
0.149626
0.0592614
0.18865
0.224518
0.197972
0.397164
0.0810789
0.222126
0.0936068
0.21107
0.130537
0.0824336
0.117592
0.0702699
0.175617
0.318994
0.399166
0.146056
0.0601502
0.0960891
0.069506
0.154826
0.146595
0.82799
1.06455
0.0677082
0.130513
0.24893
0.229457
0.0743464
0.067967
0.210509
0.112339
0.271521
0.215024
0.20933
0.237768
0.800824
0.985495
0.11923
0.0652582
0.151456
0.975226
0.346685
0.840112
0.287634
0.167568
0.0924751
0.851047
0.857238
0.858744
0.885696
0.27728
0.103403
0.0806385
0.0980839
0.911685
0.873784
0.162172
0.209965
0.816024
0.892563
0.104087
0.128811
0.24427
0.0587407
0.285123
0.121518
0.128104
0.0506449
0.24423
0.211974
0.738261
0.982445
0.120985
0.250881
0.782008
0.0615517
0.748913
0.738516
0.951536
0.0404933
0.151976
0.20677
0.23527
0.873887
0.778184
0.33335
0.0744452
0.0569079
0.123924
0.170486
0.936827
0.984244
0.148915
0.0827584
0.0722764
1.00657
0.870929
0.154047
0.158678
0.0723117
0.108328
0.0881074
0.963896
0.824591
0.209143
0.109845
0.0529438
0.0889302
0.214673
0.0383899
0.132873
0.939297
0.977884
0.0907868
0.0372653
0.162503
0.131697
0.96663
0.0678228
1.06335
0.150434
0.1594
0.121597
0.865184
0.152709
0.123141
0.960768
0.150967
0.0946743
0.0653474
0.176701
0.889522
0.707873
0.359743
0.109747
0.110707
0.104739
0.053176
0.183322
0.875155
0.965487
0.13338
0.0957837
0.0922221
0.128452
0.191689
0.0739424
0.132203
0.0781888
0.12673
0.0857277
0.122305
0.231005
0.0573978
0.333777
0.0785447
0.0897876
0.090826
0.933362
0.159263
0.162787
0.947214
0.102985
0.0778368
0.137927
0.133854
0.965266
0.916291
0.933657
0.968752
0.969363
0.0630565
0.0700026
0.10503
0.0863044
0.0695124
0.064203
0.0573415
0.0983508
0.126562
0.0741263
0.109911
0.158222
0.131974
0.0518462
0.112846
0.0451045
0.118485
0.10608
0.178239
0.037321
0.934147
0.161967
1.00228
0.172705
1.02539
0.0934837
0.0840493
0.0431517
0.968056
0.0671973
0.941744
0.927089
0.993082
0.0848933
0.993094
0.12224
0.0793471
0.307563
0.191676
0.899034
0.0670799
0.931228
0.79819
0.789779
0.987924
0.0832082
0.13851
0.0813067
0.933598
0.0503548
0.0930551
0.171799
0.959997
0.0887203
1.00257
0.0788863
0.0798923
0.0896084
0.993615
0.99565
0.113717
0.25436
0.332371
0.101516
1.01473
0.0661471
0.992863
0.157029
0.151376
0.211556
0.153512
0.0719135
0.0580136
0.0801235
0.108972
0.139149
0.256066
0.190615
0.0718212
0.121612
0.104717
0.104673
0.155587
0.055236
0.923198
0.865017
0.875092
0.0663819
0.191548
0.840366
0.0516749
0.996902
0.0514863
0.142676
0.997437
0.364874
0.0442287
0.186222
0.0957141
0.0652875
0.922766
0.895119
0.143536
0.107885
0.840126
0.864117
0.984652
0.0927434
0.934061
0.0967007
0.0760145
0.906692
0.0970886
0.903917
0.172052
0.058511
0.0183627
0.119314
0.064519
0.120908
0.0635492
0.105269
0.11398
0.184357
0.0700964
0.0557003
0.0888731
0.237188
0.0884763
0.0484695
0.16005
0.0580477
0.116605
0.0686821
0.237001
0.115058
0.248435
0.198921
0.3528
0.275083
0.1096
0.104264
0.131182
0.231962
0.0732811
0.0444663
0.0554854
0.126889
0.23618
0.0527972
0.254847
0.197919
0.0920488
0.0713879
0.0981791
0.218812
0.113455
0.251469
0.0475809
0.0687989
0.0918963
0.839487
0.855151
0.131811
0.0362796
0.119305
0.103442
0.130485
0.932044
0.97566
0.110911
0.117661
0.176042
0.0828441
0.0751689
0.0837818
0.0764997
0.0641339
0.115643
0.158611
0.0824941
0.108854
0.110065
0.193594
0.249451
0.194347
0.141926
0.0778025
0.179069
0.0658837
0.0319791
0.313722
0.0829046
0.106034
0.166594
0.177424
0.0628183
0.163193
0.186454
0.0763034
0.190501
0.144708
0.146553
0.0692987
0.155063
0.128927
0.287164
0.0775947
0.204526
0.0655782
0.0455703
0.186915
0.0991372
0.0894232
0.0798044
0.131488
0.070076
0.161033
0.236046
0.130681
0.109468
0.0886687
0.146667
0.0657547
0.0971262
0.243162
0.22546
0.0657847
0.107896
0.239298
0.114873
0.122133
0.125722
0.150232
0.0789018
0.15327
0.100846
0.102708
0.147688
0.145332
0.0637948
0.0845791
0.15517
0.148278
0.0297636
0.212114
0.093213
0.0952777
0.0697763
0.167844
0.205113
0.210057
0.184421
0.068715
0.246787
0.0865841
0.171846
0.152694
0.107559
0.162158
0.132269
0.0734743
0.0947988
0.256047
0.0601887
0.125985
0.105268
0.0812942
0.0517595
0.156716
0.047665
0.0455013
0.133242
0.0966357
0.0655828
0.0982735
0.0846051
0.0846996
0.0959599
0.0815239
0.128478
0.0475202
0.0935982
0.105088
0.207199
0.248633
0.0430664
0.142821
0.0767429
0.167656
0.18519
0.201222
0.208424
0.0277106
0.182061
0.136775
0.182631
0.0672069
0.17422
0.0411112
0.14827
0.207674
0.242701
0.104696
0.138303
0.284109
0.0544963
0.0908585
0.184534
0.199956
0.197121
0.224074
0.271048
0.0195527
0.168053
0.176845
0.205133
0.196737
0.100884
0.0923471
0.196741
0.100916
0.119242
0.27788
0.0961657
0.107628
0.109669
0.106421
0.232649
0.0171291
0.138304
0.224355
0.0401159
0.21244
0.287475
0.151592
0.279334
0.0769925
0.0722163
0.234698
0.0842421
0.0658703
0.0925263
0.253001
0.133729
0.125263
0.124676
0.238173
0.136624
0.0932547
0.25158
0.047172
0.139615
0.0582339
0.114341
0.304506
0.0884077
0.213128
0.121559
0.108736
0.114559
0.0725977
0.0789018
0.118861
0.15036
0.0946977
0.197724
0.0422298
0.108416
0.0315051
0.0740144
0.0951232
0.222257
0.17293
0.20217
0.221932
0.0946248
0.137805
0.18005
0.105602
0.112295
0.0810954
0.102765
0.0800363
0.0811385
0.175666
0.088079
0.0689318
0.170836
0.217749
0.0345366
0.184146
0.149954
0.113815
0.0650054
0.152536
0.106828
0.103109
0.204073
0.136068
0.179712
0.127993
0.113083
0.114292
0.107932
0.144688
0.21062
0.236135
0.0257226
0.0859879
0.0740979
0.0422615
0.213082
0.0546295
0.116331
0.0613177
0.224813
0.047577
0.0758523
0.125326
0.0598601
0.0439099
0.258809
0.298426
0.0316938
0.163794
0.104676
0.128314
0.126758
0.0479262
0.101221
0.120072
0.126799
0.0364442
0.328126
0.295516
0.061033
0.0402564
0.108046
0.151212
0.0888971
0.155701
0.112569
0.107134
0.0785214
0.139725
0.15712
0.036241
0.0754566
0.103043
0.0350809
0.0670619
0.193993
0.0958537
0.0633874
0.118682
0.10022
0.117136
0.0711033
0.0889041
0.0919252
0.106176
0.225341
0.240214
0.0472286
0.14699
0.192941
0.132051
0.105907
0.159384
0.0440575
0.117864
0.108761
0.135482
0.155633
0.228237
0.0842473
0.248358
0.200204
0.054172
0.205262
0.175317
0.0974687
0.0542016
0.11335
0.0384433
0.0777266
0.101277
0.128869
0.0384397
0.121677
0.0659989
0.233413
0.162933
0.101289
0.187286
0.0543355
0.211396
0.0731782
0.267602
0.268289
0.12344
0.0571687
0.141849
0.211873
0.145409
0.0749118
0.18987
0.0910507
0.0461384
0.171024
0.0992617
0.264548
0.0968058
0.184401
0.0646797
0.081081
0.168545
0.210717
0.0821371
0.162957
0.136704
0.0402314
0.165173
0.256269
0.248922
0.327641
0.14137
0.165782
0.0174453
0.0540719
0.199276
0.0497474
0.212449
0.268933
0.23536
0.117274
0.0409258
0.135888
0.194489
0.152939
0.107122
0.144196
0.0558373
0.0277043
0.163129
0.198923
0.0962605
0.171653
0.130573
0.0412476
0.0910992
0.112013
0.241869
0.0974654
0.206522
0.0775382
0.0577196
