62453.11845  
52073.26726  
30094.4248  
2010.454493  
1343.571228  
576.6953918  
1184.144898  
8383.032342  
6284.906042  
7148.863219  
2950.4354  
3451.545747  
6330.276335  
1664.140393  
847.469339  
529.1182379  
9.313924271  
2481.914885  
2990.684811  
6328.997681  
12221.20068  
10829.7104  
20073.02591  
10597.10623  
7571.387211  
4166.701395  
5598.050786  
7736.924414  
2062.257511  
2169.170564  
1083.38821  
3388.019812  
1462.563603  
974.1891689  
1235.740801  
29.18941456  
1094.381506  
110.889039  
314.0975825  
121.3866521  
1008.806198  
1229.944447  
2713.075535  
1311.793409  
687.6431916  
1231.588595  
319.511828  
498.4252287  
1064.686914  
2225.716419  
3647.624192  
2986.193001  
1074.082293  
92.19091129  
182.921212  
548.8230928  
2147.32474  
1125.471585  
381.4009908  
1022.793858  
1418.869601  
2049.265858  
339.3902147  
3369.047525  
2571.295218  
4846.644343  
3374.799477  
3820.262808  
2976.410058  
1126.616253  
223.8867679  
1245.193371  
1305.798215  
1844.862322  
1686.36492  
2676.020681  
513.4042426  
125.3719103  
28.98669118  
204.8706947  
52.00499653  
558.5280374  
832.9522691  
1014.982745  
2593.238594  
4294.083417  
1965.853972  
2194.487781  
1197.703353  
956.568689  
649.9769456  
660.3149676  
797.0742456  
240.8863005  
272.4537174  
12.24034474  
16.33514852  
41.74846167  
289.6883331  
260.6882534  
733.3910838  
1113.061452  
132.2674873  
589.4017006  
466.3470889  
55.5989942  
194.6982217  
338.6042796  
103.9994515  
369.5928241  
352.7984587  
277.7648489  
140.814227  
451.6600434  
1194.122404  
547.4931878  
733.2205447  
261.9965131  
309.0171253  
1842.450114  
484.2514939  
799.9647148  
1230.423938  
912.3335278  
1597.777803  
83.45585595  
180.4562289  
47.61518137  
22.21772427  
29.85307199  
669.724222  
394.8310961  
81.91737877  
555.1819932  
585.6203571  
1279.053684  
1037.189173  
688.601255  
966.4277105  
668.6350442  
290.5957016  
1008.92337  
417.781764  
2318.907562  
915.6933615  
2421.000458  
399.2498271  
1197.836578  
400.761649  
21.12309009  
91.76936795  
379.2214438  
693.7967446  
1825.03165  
2068.398258  
747.4666121  
1210.843271  
690.7689778  
306.2118568  
250.1844157  
52.56038472  
98.82172849  
1095.756869  
688.6135285  
557.2762367  
762.2497902  
210.5030997  
2132.613903  
993.4099309  
1652.73555  
908.963826  
74.62901358  
622.4000481  
708.757474  
1040.389968  
2778.034238  
755.4264815  
122.2003778  
49.10813861  
107.5027106  
32.65452107  
235.3729591  
105.1769339  
276.1682367  
70.02330821  
240.7725238  
491.7632897  
1485.98649  
2870.634758  
880.5922742  
635.8659622  
353.7000519  
1501.766744  
603.8295532  
222.7228573  
390.6071353  
325.1031403  
506.1017425  
1629.687492  
1194.116168  
1504.150227  
6820.229879  
7942.795729  
6789.381103  
5933.133951  
12235.22204  
14093.36359  
15642.95565  
13514.50076  
8237.679649  
5394.677274  
2642.568147  
5156.764492  
1857.443535  
6034.985414  
983.8085719  
1062.510226  
3695.986894  
3366.577175  
1329.93593  
1994.332317  
3302.863437  
2337.242026  
361.9652523  
522.2172094  
358.6740493  
32.74668393  
35.64313165  
167.4513257  
2993.325859  
4312.054346  
5399.875369  
3874.581945  
16.39417611  
1080.766698  
2410.990305  
5450.107368  
7264.025405  
7795.911557  
4856.171121  
2573.153965  
1027.72192  
97.69257446  
59.13846666  
102.4919515  
1870.020813  
1274.300988  
1008.679025  
937.6620244  
1366.473915  
1117.208743  
435.2560979  
1573.911852  
888.3141932  
1182.278878  
771.2860218  
605.83013  
217.3698181  
644.4259633  
3158.352514  
3742.317618  
5524.138426  
4911.010484  
1272.184957  
472.9708502  
94.63720141  
50.79828543  
394.0844742  
9.800964101  
1112.25621  
559.9420464  
1194.088109  
771.5875954  
202.2186373  
145.1550751  
44.20952097  
476.506065  
571.1962105  
182.9903591  
1124.021964  
1324.725093  
642.5335687  
84.7771512  
712.5672498  
1548.746783  
541.7284772  
150.7362997  
134.4816597  
511.5695796  
1070.300245  
1287.729718  
1072.544786  
262.6648678  
37.26621063  
740.8214778  
2317.498885  
1647.122895  
3235.480048  
822.3999496  
652.0445394  
3.996110004  
1071.751712  
569.6883483  
1297.183718  
535.7758382  
288.0506786  
121.8180916  
95.36038009  
243.5372433  
291.7204655  
9.944226232  
84.90180254  
825.1812765  
499.9321559  
2372.442968  
2610.469297  
1287.550826  
702.7516895  
214.8428383  
304.865159  
475.7132379  
616.3598299  
397.8712306  
317.2601559  
645.0800444  
244.7423109  
42.07373724  
22.35895991  
465.3609183  
755.4657528  
172.891341  
125.5101014  
65.02945884  
12.71596389  
61.10716064  
321.364326  
81.07483859  
756.0536525  
1221.553014  
7.972336614  
471.5170327  
275.0857924  
559.5258466  
908.8646575  
2723.294126  
2491.458229  
1195.62713  
730.4197911  
1191.390961  
1419.132413  
2096.692538  
3283.144181  
738.8139174  
202.4090818  
112.0520172  
427.0751284  
844.8171114  
2389.963343  
2120.59483  
1236.185606  
1807.079926  
1525.876683  
1157.10236  
166.2996008  
1494.645902  
1493.361755  
2037.748296  
1088.645138  
1693.00788  
768.4497675  
116.6553622  
626.8555145  
679.3398934  
1342.160331  
1395.384169  
1005.027364  
980.6241299  
1294.956251  
602.2405421  
336.4819536  
860.2998141  
339.5440334  
90.4675709  
342.0628889  
20.70217255  
120.6618781  
991.7662452  
1813.895079  
969.9542054  
333.4516404  
901.6213038  
77.40117005  
1138.944566  
187.7862582  
599.9160128  
517.9650463  
155.110885  
94.79701634  
151.1337584  
1010.303277  
1022.840629  
2275.298062  
283.4675414  
283.5728975  
197.3821296  
57.06094408  
113.8837499  
128.397734  
1192.995596  
1412.4666  
476.4122698  
520.5748859  
306.463649  
403.6320517  
402.0577902  
672.4886768  
116.9392106  
286.9863005  
265.9016257  
539.2436913  
1512.693704  
1821.499169  
1801.684717  
1244.897927  
51.54251966  
323.8565993  
52.61599722  
628.1651478  
228.0957164  
629.383985  
399.865174  
60.72939565  
1193.100788  
814.5320347  
488.1460733  
446.1419708  
535.8347638  
298.639984  
11.00493861  
301.8909166  
771.0595992  
3719.407372  
4001.31716  
4055.560642  
325.3084877  
938.0310768  
531.6677743  
820.616202  
616.9706355  
1759.728586  
1734.828701  
2604.148674  
3830.348533  
4147.949822  
3357.97056  
3488.441581  
1382.064662  
20.017833  
4.678330381  
177.0576284  
5.405450622  
8.085383283  
56.67916174  
716.3212184  
982.267207  
1933.662872  
1095.130769  
2480.605333  
1546.354528  
118.819767  
111.1716787  
44.74562136  
217.3184213  
255.1408079  
176.966528  
141.5493796  
36.41459802  
153.8446563  
206.8349962  
59.93640366  
246.1809186  
838.2322447  
798.6122158  
1181.058701  
235.7882399  
572.986597  
424.8485166  
726.7468444  
45.56375729  
263.0975449  
146.6326565  
155.4876242  
285.2891981  
662.9039121  
913.1758758  
2104.826602  
199.3947314  
424.2238435  
308.8955074  
2311.008696  
2369.776759  
3780.26194  
2508.999338  
3014.387664  
434.3893421  
441.4596984  
366.7668617  
964.1871576  
705.604504  
832.5745097  
124.6073391  
822.9673203  
69.89385095  
83.42453956  
55.51452797  
91.37017574  
585.2812798  
122.5484985  
213.7684305  
529.9803674  
1030.132102  
524.3344559  
1036.24128  
536.9938452  
671.5171802  
363.171042  
594.1914004  
72.67616953  
404.7132539  
126.4839745  
1539.259104  
1907.675614  
1590.05028  
1011.695646  
1062.853915  
294.6120798  
183.5934318  
160.6751106  
39.44161664  
327.5032511  
169.8437223  
26.66566313  
71.21007583  
276.643722  
41.69552809  
255.715396  
250.7439543  
1927.857706  
1982.481149  
1885.577346  
2485.289633  
824.1151216  
1939.774862  
315.1647094  
341.5838328  
682.9776136  
1217.62323  
758.6654529  
519.5651487  
335.0953027  
624.6115827  
309.033066  
518.6791075  
150.0392547  
220.2233421  
451.6065419  
154.7444012  
233.3996768  
353.655719  
202.3118466  
14.25301408  
189.8844023  
757.6042338  
584.7979122  
1852.526379  
534.5548332  
343.4690985  
125.3567389  
766.0803131  
816.8938249  
3013.204707  
2561.455139  
1715.560406  
643.731338  
1322.118489  
529.3307939  
1040.876888  
897.258665  
203.8466122  
266.6425072  
98.94498861  
104.5889755  
41.16389587  
55.45769801  
169.9076435  
164.983558  
949.9936554  
393.6763218  
233.6033226  
323.523189  
229.7427221  
217.8451774  
495.7104237  
47.36080591  
250.9417409  
293.8526943  
139.8883729  
445.9605329  
921.3983387  
1740.403029  
2046.371002  
5370.264589  
2583.329497  
2174.11879  
587.083251  
45.21736551  
238.2437597  
1210.503866  
1235.143991  
3255.713592  
3482.095279  
1751.3487  
2105.447887  
897.5136422  
300.7365855  
225.9532811  
1333.666349  
565.4926106  
1089.637711  
965.001902  
222.6979358  
297.9954565  
282.4568908  
559.4074156  
603.294906  
1040.403362  
860.0267801  
1246.884012  
1178.151581  
372.3108775  
227.8673681  
1079.519621  
1339.880819  
686.9065155  
1764.794431  
512.1825148  
624.1104839  
1210.005326  
1302.550258  
1515.874634  
206.2576198  
285.3045806  
93.36878069  
13.35456378  
359.1382648  
818.3349899  
98.54677994  
379.4993842  
11.1176892  
180.580792  
113.2440878  
8.747135819  
606.2345745  
532.3136146  
242.6050451  
30.07243954  
431.3820845  
308.9040447  
26.44308951  
126.9973731  
308.4857205  
209.9436405  
995.8301532  
1033.733724  
350.0601466  
99.87222757  
61.21650354  
67.58257833  
380.4516403  
354.5526466  
41.78329553  
151.8743568  
986.2652266  
715.7531738  
942.8855536  
1624.697788  
2834.465183  
3613.878502  
3600.022407  
1041.79267  
315.620992  
7.453500332  
266.5492436  
433.5003363  
33.11145115  
349.4545421  
2038.036918  
2559.040417  
2221.040842  
1776.819147  
529.4022739  
65.09758944  
671.3742767  
544.855069  
785.5727005  
1711.505224  
537.8097337  
1408.884802  
377.8985431  
594.1335534  
472.0796783  
1510.610038  
2215.046059  
