5266.794688  
2737.61559  
9211.796187  
54197.67003  
2973.403608  
9199.699131  
14756.30225  
675.9511381  
4037.484728  
2628.527709  
14648.73558  
11208.39497  
2367.681966  
18612.95788  
10570.29543  
19103.28426  
18265.20172  
77150.86889  
25707.73973  
100726.6304  
170240.7906  
28847.85327  
7519.374803  
4478.41371  
19465.77675  
18047.8067  
7397.552206  
315.3479639  
13659.49085  
7798.222367  
50791.40048  
1546.575401  
136.4897849  
2131.441014  
6068.665977  
4497.969065  
3677.627433  
1454.183951  
6025.31915  
8783.529818  
3942.036369  
9617.149984  
12545.53304  
12476.09265  
468.5096337  
3438.243605  
789.5487066  
7913.145427  
950.1893335  
1081.013462  
12287.66585  
3062.470661  
4706.871887  
663.3995497  
5510.577237  
3340.446972  
2557.929409  
4476.911467  
37878.33125  
12606.8044  
27.22893275  
10783.3349  
3951.779828  
900.7133597  
1654.184296  
1414.959648  
2701.004487  
6957.086032  
1308.913437  
785.0314774  
2329.596719  
722.7397762  
1119.098399  
1797.369628  
672.7431924  
1112.677505  
865.548722  
202.038401  
600.1170294  
3290.075761  
748.1576109  
36.29499231  
101.4095428  
452.6807302  
39.49516193  
100.4584881  
133.0420138  
567.7004485  
2294.594283  
181.0281531  
529.2032951  
493.7881589  
133.7967806  
821.1905085  
322.9844526  
762.7508917  
101.780105  
62.69532438  
555.9570712  
3.847671606  
895.9253656  
300.2325696  
598.5894304  
733.1008142  
208.3317312  
1037.2407  
641.8804555  
744.3896548  
261.3518611  
260.6752047  
168.2688879  
17.49894405  
1074.464246  
108.567087  
547.7465948  
119.5768836  
34.48028126  
560.6814522  
235.8094795  
31.02272937  
99.1773613  
755.6178651  
278.5611915  
40.50574042  
43.71351452  
164.6625124  
384.9443104  
254.2035256  
65.88445665  
521.7304391  
162.9717856  
470.4862016  
310.6958171  
600.7810334  
40.28883756  
299.7407936  
364.5493465  
121.028239  
117.8966889  
749.5366697  
75.9655425  
16.918402  
447.7236446  
203.2814672  
39.89093763  
59.12005195  
207.0952581  
163.3506225  
245.8070711  
52.80664849  
1.575907812  
7.51729612  
409.399813  
30.99098287  
355.3772767  
0.3759427594  
192.7472287  
79.03111106  
78.32035214  
32.23781949  
288.1301718  
139.7081128  
228.9122077  
79.6123147  
32.64693461  
362.9961152  
96.29724255  
15.78692421  
12.70643781  
61.60339096  
41.16821822  
213.6687285  
90.72907429  
315.6931868  
8.300386167  
78.38120637  
69.88618281  
136.2895002  
220.7235541  
207.0221478  
8.616453672  
64.10221371  
57.41784508  
33.29945453  
11.11482446  
202.5715925  
278.9919933  
83.81084777  
24.92725401  
134.0025046  
294.2806008  
204.5411834  
48.36494147  
22.53599835  
198.464024  
144.7339716  
47.5925371  
155.2679969  
124.4167415  
98.83056576  
98.12667475  
41.83063655  
48.71841745  
164.3497167  
173.1107348  
366.5990822  
17.23405998  
112.6514981  
173.1552406  
630.5538478  
77.21281489  
42.5116627  
821.6819151  
203.4042893  
7.163641766  
583.1854601  
279.3539002  
333.4592413  
31.06178119  
29.87933542  
139.0780531  
127.142404  
74.08926307  
14.83040658  
58.4559855  
0.493400642  
161.2910821  
301.5012251  
173.6568126  
192.5927771  
16.92879451  
65.52777989  
26.08581761  
9.847112859  
73.49033733  
80.92688859  
9.272036797  
3.844618879  
162.9112092  
237.6169149  
2.453716131  
54.67973883  
34.66803298  
63.33639884  
12.28114197  
34.88026292  
121.5420936  
59.98866633  
102.3303487  
39.4847743  
57.55071786  
1.749474214  
83.79676404  
31.2726211  
18.54685486  
16.50145562  
166.5593292  
44.41069462  
18.42549818  
30.50158368  
41.96186696  
123.1956016  
3.923433443  
244.7782301  
112.245879  
23.07841128  
62.38343412  
119.2326559  
45.95712581  
232.094024  
29.78892539  
70.69581986  
43.05453598  
13.60225583  
30.10916514  
50.95137721  
36.24393543  
36.04599349  
122.1498663  
273.9355747  
10.5870326  
167.2862385  
5.666105209  
77.30999968  
54.59474787  
90.22388381  
25.61271148  
65.1144891  
72.81397155  
117.5022093  
101.8607277  
109.5180381  
215.7711116  
119.598603  
22.99051615  
107.367938  
58.91166341  
10.71580091  
19.49548036  
28.20292728  
47.97092778  
48.86025998  
26.39278634  
113.4631313  
52.59495928  
32.76024535  
52.47528395  
62.8287574  
126.9881665  
22.26562833  
19.5570475  
137.044826  
1.062227518  
83.69662385  
192.5541743  
8.190274808  
33.15096052  
26.63026732  
134.4909835  
2.308649343  
45.34658476  
46.7621534  
9.186027152  
79.91045897  
73.28060567  
0.6902751838  
21.14033903  
104.4570904  
83.8150982  
13.69437355  
33.18956236  
94.27560005  
64.02076421  
159.6759265  
39.82039174  
0.6012123798  
32.49989677  
49.87411813  
7.254720653  
177.0196043  
219.2049029  
48.54024773  
52.04805951  
60.79060281  
233.7498261  
13.18170374  
3.976421482  
65.79249207  
157.7051859  
75.86242951  
51.18417738  
36.06393857  
0.8467333251  
3.261035455  
45.13105671  
129.1822296  
25.56486543  
2.743243239  
26.92221285  
5.947759353  
8.990669742  
379.7645056  
68.99749709  
13.67270746  
27.69066295  
17.77737206  
70.5561525  
59.39604357  
23.69873434  
24.66231345  
6.466575984  
58.26087699  
100.5063535  
79.64072442  
45.38996297  
165.051535  
99.6781195  
87.01046692  
21.72920904  
1.122530393  
24.70082405  
39.27755281  
11.44935936  
70.46086624  
62.41440736  
29.28610068  
64.9280669  
36.79554828  
9.347862716  
63.17711699  
58.8215236  
34.5089871  
78.2856715  
99.620549  
28.28460962  
40.9361126  
98.11304275  
12.85765236  
140.4885997  
85.49239015  
5.439178574  
37.89514776  
42.73079047  
46.60791511  
23.25711653  
8.681177476  
81.41423439  
63.0314007  
72.27497023  
48.98611185  
35.60991688  
13.15537353  
97.14189112  
52.75377277  
115.5170203  
38.81022739  
57.57395358  
24.01432428  
84.58448477  
91.6339202  
43.64315886  
8.577486808  
0.3474519298  
40.30006057  
18.73040528  
201.3783537  
96.96379511  
17.25662444  
41.37699129  
81.62027561  
49.63676386  
38.29343473  
96.7796713  
76.87960687  
40.26163799  
175.7395342  
15.84253582  
17.68390291  
63.39896467  
3.954232268  
69.80558485  
127.7487678  
114.1404227  
69.15066166  
42.08389881  
75.54670518  
83.48293405  
23.22208121  
2.201692761  
19.35850237  
38.63639852  
51.14663995  
213.564024  
127.0319103  
66.73917555  
127.1544249  
41.7593981  
13.57891347  
8.378890285  
97.81389891  
28.90671734  
95.92101523  
0.9361986362  
32.8439855  
43.15494528  
16.49261947  
46.60595787  
5.437993822  
44.50855077  
93.07652329  
98.58273145  
24.01372285  
173.2124141  
74.51637409  
44.93943557  
55.31347509  
56.78283647  
8.736030682  
4.990124103  
15.51159446  
72.56219426  
4.16476197  
27.39363327  
78.99175142  
57.52593741  
63.95767775  
78.46527465  
6.771315606  
215.6095445  
22.4933114  
31.07879423  
74.05990479  
20.34439583  
14.32944342  
43.41146767  
41.20054188  
36.41309312  
22.04345779  
145.8594071  
10.03786834  
4.264562848  
139.995191  
64.4854905  
32.08773639  
76.16081645  
70.74336221  
13.12667594  
14.32073298  
7.175989181  
1.935396609  
56.07820365  
4.631161861  
21.72305495  
6.121214968  
42.76881164  
61.70678557  
73.07848467  
12.95739349  
176.0134965  
214.9726398  
177.7939991  
105.4807815  
51.02106969  
171.3428335  
1.966824798  
105.0741226  
49.6917269  
91.57773144  
4.303301647  
44.67539587  
21.77185924  
8.010375215  
20.80958114  
26.5136083  
147.0753986  
41.66470045  
29.51328955  
18.96054477  
47.3405494  
36.99573364  
81.37560445  
9.512693503  
98.0160925  
69.3490198  
39.30139214  
14.81599972  
3.422560874  
87.25826628  
68.04450908  
51.40580919  
120.5983988  
48.26329509  
30.67383083  
14.95561775  
5.549566339  
147.7612592  
21.78258806  
46.70007797  
51.23715454  
86.85327169  
4.85303911  
67.65210624  
90.72946055  
37.19179289  
5.606248951  
10.30094364  
124.3729696  
106.344284  
186.761997  
138.2673951  
311.5493349  
7.944256901  
129.0137391  
19.94514608  
15.05722102  
42.77299009  
73.77249271  
136.0391078  
206.1718402  
27.3270799  
34.14877828  
33.41664229  
73.17394293  
33.80150486  
45.43410298  
2.668604309  
22.93485194  
59.57092178  
62.15088868  
82.45127566  
80.91766629  
55.18524113  
115.2467511  
58.52687552  
8.981146017  
17.69550377  
99.56915382  
71.46171383  
57.65815726  
48.45801313  
6.197839909  
73.98369573  
27.50625964  
69.87205759  
5.726936519  
6.855312761  
109.6492058  
47.65558081  
44.33492406  
76.68468537  
18.22062785  
65.66857306  
710.9233842  
512.442064  
40.2015418  
32.84223987  
55.68465835  
43.20476358  
0.9290781267  
57.74023724  
30.93234451  
42.44255276  
21.64133308  
25.93318574  
72.23596258  
20.5146109  
0.5581321125  
16.87350609  
1.106296147  
4.912990487  
68.29107809  
215.1875387  
60.78614104  
119.5598793  
9.828961326  
78.34577456  
90.1093869  
12.08840146  
36.43644644  
159.0319615  
50.95590562  
48.37233274  
11.87152971  
21.37177129  
30.09200588  
32.44919163  
0.3924032712  
56.15574233  
33.84028258  
53.42102713  
29.40828302  
16.28932092  
58.85897109  
1.33052573  
1.868868603  
41.55862655  
0.9882849085  
40.21222293  
41.34424563  
38.03626627  
24.84285373  
6.674231036  
32.53497499  
32.80403441  
103.5253543  
17.89868314  
28.66007109  
27.52470448  
39.95884537  
380.0635151  
115.9990422  
5.863152283  
131.6720253  
116.547425  
5.94525223  
11.44284526  
25.3011419  
8.748558624  
13.74440032  
15.63074582  
46.15389025  
251.7266259  
50.35285236  
52.04303104  
22.57941469  
80.19230451  
69.6294524  
46.09190892  
16.3106538  
59.73767559  
14.10882578  
11.69568074  
77.71323447  
0.1699335134  
53.61482117  
12.95154022  
83.53589787  
44.10486925  
18.13335162  
53.80956105  
84.32636781  
104.57335  
1.681428737  
186.7805275  
98.07362076  
22.13409679  
144.3075079  
91.5873992  
57.9247962  
11.27858067  
11.15692752  
84.39796143  
61.67051754  
