4100.962037  
11527.63618  
1849.58435  
5151.655867  
4292.185515  
5532.018216  
1284.264554  
1023.859476  
2954.687324  
5646.951163  
624.7593594  
18166.12809  
2817.162227  
3364.857032  
10185.91682  
4176.062563  
32498.17741  
3261.720464  
17724.28186  
120.9617754  
4531.921573  
3500.094252  
2370.695514  
5495.099826  
17214.84568  
7732.458611  
1947.680869  
2854.820163  
4255.920375  
12063.2728  
4147.370202  
1620.898396  
1742.205705  
1358.225529  
5974.370955  
5140.007467  
1045.017603  
2086.220781  
5321.06603  
6124.377943  
34644.30711  
10919.64006  
3195.43155  
4718.23758  
1708.847856  
4518.728291  
802.677079  
278.0813197  
1642.022324  
906.2753643  
6674.551683  
6511.935472  
28681.16747  
2277.813192  
7918.914088  
51610.21489  
42348.74992  
9644.736283  
83059.39944  
20430.83448  
83338.36919  
130248.317  
28854.50551  
11439.94008  
2356.465994  
3003.630975  
6769.827948  
7347.34978  
3172.897727  
1578.837228  
4545.878573  
4505.635959  
212.6799028  
1739.6582  
4302.060029  
1234.953058  
4.077683456  
2569.372555  
2869.442026  
5081.520298  
1405.157341  
1645.907335  
1768.866174  
2805.791057  
1825.300589  
247.9256675  
885.2736645  
572.6425738  
747.3947406  
1321.338089  
251.3647747  
45.92818242  
104.4502221  
597.4728034  
98.1198764  
905.2000238  
275.2921257  
219.7553364  
298.4854254  
337.2786836  
458.7705481  
179.6593547  
1462.967644  
211.6303895  
21.79990713  
22.87869595  
220.4603612  
239.2601464  
913.5085374  
138.6444043  
24.2077535  
703.7749473  
659.7667282  
663.7921987  
1249.88733  
90.82601542  
557.2744661  
69.63531583  
237.6184139  
346.1189502  
749.2921689  
2045.324916  
3655.647547  
713.8615146  
974.4237702  
560.6562962  
349.8192829  
604.5190947  
177.0171221  
302.9144985  
480.3543967  
217.8417946  
680.0454356  
330.2827297  
304.3178569  
96.30652035  
12.89336904  
75.22760989  
444.2242797  
495.8819411  
238.2620398  
620.2390049  
72.39237966  
79.5269432  
169.3884319  
21.99764024  
242.4682988  
8.358272107  
25.676067  
297.9607532  
259.9093931  
119.1380901  
159.4660229  
427.9312313  
184.4801252  
78.52882386  
174.0055751  
50.38787156  
59.93395729  
174.6842394  
71.24330722  
81.49917005  
29.86536815  
584.1591843  
278.7541508  
313.2318103  
745.1923554  
182.7213349  
685.0067768  
253.6748113  
203.2709841  
51.31284834  
219.7887669  
193.4993901  
88.50854574  
315.1700339  
180.0512875  
66.51785714  
6.542557673  
40.91127643  
86.16233388  
190.3321596  
62.33268904  
427.9870194  
226.4108244  
140.43942  
186.2615999  
327.102704  
762.3094265  
604.2822176  
297.0526506  
352.4688708  
68.81239336  
130.8549466  
1180.178598  
943.0644081  
98.54534207  
125.8417939  
147.5580026  
409.7654939  
26.17820915  
0.6756206392  
397.4699557  
852.1861039  
4.821345519  
1459.139037  
212.338278  
294.9147294  
357.4528102  
1572.111053  
319.2816113  
397.5755143  
853.5951201  
293.9529121  
784.2659418  
335.801291  
603.8640194  
1325.075425  
161.9249038  
1199.675333  
373.9002965  
193.4972572  
404.1835912  
813.754843  
378.6971086  
1541.308637  
1253.301098  
143.4404132  
181.3821731  
124.2557742  
462.2579156  
201.411312  
125.237535  
147.7515773  
163.2614201  
31.33718594  
231.6237893  
485.3767622  
28.80792456  
63.60023613  
15.1442365  
171.5482901  
375.5389974  
56.15129242  
239.3116133  
597.2400616  
366.6523452  
426.9865833  
59.12744409  
67.39024246  
154.0171938  
100.3447431  
231.5107117  
238.1916955  
66.62207691  
103.4321216  
57.45973254  
74.30246109  
92.60840721  
203.4392685  
926.2549639  
935.7456123  
58.86375511  
31.47246563  
591.0917744  
642.8531405  
397.066884  
179.6117092  
126.5294707  
324.1126657  
72.55955697  
395.2917617  
39.90023848  
230.3929593  
26.62942779  
75.76014025  
67.7392846  
122.6563388  
99.63166973  
16.02112604  
658.7491237  
415.1710422  
117.1179719  
51.62976301  
22.32415231  
194.3202272  
83.9435121  
39.53711552  
324.352854  
239.2594611  
803.1699391  
237.3877945  
423.8112152  
268.2574133  
94.62903887  
11.74858833  
89.71158647  
226.1064553  
51.73826334  
44.3641321  
148.2103022  
357.647717  
544.4946859  
2.277816388  
61.00137522  
6.88022571  
464.489004  
217.1400138  
38.43306008  
16.11048904  
130.006266  
154.7407163  
181.6047998  
8.898382097  
117.1935427  
55.88699872  
143.0173453  
205.655497  
400.1349841  
207.8464839  
250.8820958  
99.09296717  
12.35590783  
88.62427692  
274.3563737  
451.4062441  
276.9182933  
111.7079383  
18.54065482  
324.4348922  
178.206812  
81.42598113  
38.99966329  
266.6886132  
38.35769381  
212.9026836  
146.6930794  
7.701986026  
48.93085741  
11.67936277  
198.9585981  
112.0829375  
76.24940308  
45.46494231  
18.56792761  
17.47955733  
230.2997539  
172.9872039  
198.7985967  
408.2916064  
17.39926848  
140.0517809  
31.79401231  
91.23975355  
73.81948903  
56.46187774  
267.6116635  
54.93356042  
101.0980899  
21.76155334  
30.89014142  
411.6705273  
123.5743321  
136.06723  
408.3194997  
541.1439647  
1.696903291  
117.9969742  
191.7397412  
232.2240707  
68.08581577  
265.1760858  
15.33937867  
22.55386634  
122.9910174  
249.5360522  
194.960291  
47.38523759  
244.4521682  
366.111747  
4.126425921  
134.5470802  
190.6432822  
149.1898446  
532.9775899  
189.2161868  
9.679401792  
52.34689807  
17.6851435  
15.87225216  
174.4802907  
350.7384238  
299.4606907  
148.1294747  
122.504089  
57.70803514  
65.75779133  
57.55028989  
189.7824567  
217.8978038  
207.8363273  
328.7565642  
189.3840343  
131.282747  
286.9241612  
584.3201004  
100.4893724  
359.8182279  
178.7625887  
49.45474501  
92.76393024  
15.867721  
155.6762728  
53.41635584  
216.2061668  
481.3166815  
585.7031136  
104.9143296  
176.0742439  
13.86349399  
167.0104469  
85.43719488  
263.9210178  
69.67633115  
135.0905774  
989.8083738  
229.8100511  
2.610926296  
99.83824803  
125.818154  
122.1094334  
172.2557684  
102.6762977  
296.6561506  
5.449439661  
2.170776098  
17.5549292  
32.51112131  
5.084638245  
28.73562248  
51.22168958  
371.4369194  
6.437898783  
257.2687284  
35.02925369  
155.3154829  
283.6294317  
22.15242311  
96.03815469  
17.1843858  
21.939783  
77.99553264  
67.61204677  
16.83333181  
1.6233528  
179.9664959  
128.343208  
93.25771483  
68.611366  
7.993971556  
39.75065654  
355.0074385  
97.19210429  
74.31864444  
21.83717084  
12.60829719  
78.53394075  
151.4138382  
71.53864084  
109.7779575  
113.4437457  
113.6285272  
251.886172  
546.1205975  
235.3697563  
6.385267292  
322.1164065  
152.9920462  
6.148261478  
96.37386431  
221.1150631  
61.48240106  
54.77353856  
17.26306511  
514.1709016  
200.4656508  
354.27091  
70.63249644  
76.7251963  
131.034818  
113.647096  
32.68183527  
14.76209764  
229.5598979  
340.5483911  
220.4652793  
118.2559238  
538.5818508  
63.447228  
23.26019989  
51.81836278  
95.76625487  
36.07295296  
208.330188  
405.7416668  
503.0058169  
178.7649138  
206.4615163  
217.8681764  
58.50522302  
132.2100291  
84.00012572  
98.02530319  
415.701388  
190.585867  
309.3335067  
378.6135246  
49.70125097  
163.9247536  
95.35993315  
169.405127  
90.02226627  
62.81426409  
412.1239164  
94.78671624  
87.57339876  
6.822203988  
547.629475  
102.5336037  
517.0015125  
81.29711111  
51.66903702  
408.2862077  
190.4888139  
16.03100346  
169.4081753  
129.4992719  
106.7928977  
18.1841878  
293.3613861  
298.7915871  
39.90759384  
206.8977085  
42.90795805  
641.7379892  
165.1672452  
16.90410881  
249.275961  
109.6685565  
78.26665931  
388.8603099  
608.4427813  
227.4455773  
170.3706455  
119.0768626  
21.05832199  
256.5002574  
202.398716  
82.58109434  
403.7070332  
397.3504198  
217.7015224  
114.5916121  
67.36994547  
733.692051  
169.0220842  
34.97794693  
812.8624255  
81.4432871  
129.8475102  
1384.103292  
256.5875806  
364.6522286  
406.3599189  
330.3497109  
186.9567619  
134.0724888  
296.7040392  
37.12785459  
487.0369101  
910.8549462  
1175.784162  
220.2898828  
44.98546481  
156.2645751  
102.4955458  
58.41086293  
77.92436584  
11.57495392  
203.2505182  
0.8892602628  
98.96842005  
167.8745348  
829.5020159  
877.1073667  
188.067514  
28.98836462  
169.753704  
175.5140087  
119.8538935  
246.1605695  
147.5151762  
8.792554582  
20.31423221  
173.6550293  
126.6410664  
351.9465113  
107.2867529  
158.8966624  
385.3932766  
22.65939174  
235.6866664  
54.71221291  
185.4797402  
5.424403778  
465.0373463  
358.4595955  
291.1954611  
282.5476952  
109.8370118  
287.0296791  
16.40522248  
40.75749173  
93.67932624  
46.73131405  
13.51800636  
188.1868858  
215.2168207  
28.01425862  
2.749936918  
102.985557  
175.8660404  
18.32004276  
274.0018652  
91.40602736  
83.1280026  
105.4994546  
342.3298889  
74.98878161  
81.79637488  
232.8391626  
21.85602459  
90.62155475  
63.19720841  
424.804214  
103.0400062  
66.11702539  
128.8845843  
81.12919982  
37.93970865  
39.4623971  
4.142874812  
342.0539027  
152.1288211  
124.8395346  
247.861223  
283.4096775  
115.0379004  
155.6839605  
270.3142986  
254.8160218  
221.107278  
10.02985737  
107.0765702  
129.4232445  
192.3728362  
327.2273665  
193.9815964  
68.9578311  
40.70231966  
116.3202644  
115.9895157  
187.8045334  
205.8353876  
127.2171538  
243.5855557  
119.8293738  
136.3090113  
65.45424882  
39.0836523  
38.94923249  
50.0741905  
24.88794663  
20.05225039  
146.8546623  
82.10039798  
47.5315677  
3.093254827  
55.14668838  
106.5787299  
131.1034877  
254.4885891  
39.38266848  
83.90225135  
161.6371477  
12.19355192  
61.96601737  
63.51215916  
255.6824014  
42.58547447  
171.8992709  
275.9562253  
123.6889312  
104.4610648  
18.68548386  
322.7365959  
97.79536747  
4.938473762  
53.27983855  
360.2969708  
139.1096666  
50.41671533  
31.28669466  
