409.7179664  
9424.599554  
4196.163449  
29418.38928  
11680.65524  
1427.447759  
3567.657713  
6661.805179  
7725.089059  
2732.993072  
1535.517523  
942.3494193  
60.09130558  
1739.659315  
5954.431528  
2708.6105  
30090.60864  
627.4589125  
22520.81139  
15432.50655  
22941.66029  
2091.391688  
765.3420164  
16.86616926  
9459.430874  
6599.294119  
9594.735917  
5476.275165  
543.9230805  
2700.245096  
6718.845645  
872.845467  
1326.168323  
272.7786111  
5533.8413  
5108.485324  
3552.176294  
1458.879099  
6718.932409  
4516.529764  
4385.817173  
6864.195001  
4462.95599  
6541.656139  
630.1263152  
244.7124066  
5476.678132  
188.2826138  
4245.61657  
2326.167009  
3900.679077  
5185.7767  
12858.82428  
435.0151439  
2959.843885  
58203.87522  
46465.6542  
18039.73875  
50353.15007  
31250.1324  
121226.4893  
151585.4732  
26182.51083  
11718.93779  
4170.007714  
2249.852212  
6817.888874  
7211.766052  
4164.243328  
1250.918091  
3625.660409  
6182.717781  
448.0346255  
406.6504253  
1821.786222  
534.4132256  
440.7870559  
3642.263292  
10665.99667  
3502.39582  
1406.087107  
1659.175907  
5397.739266  
3188.513633  
1721.594911  
1182.743999  
1248.747609  
561.8300116  
583.2910865  
969.5477081  
113.8240267  
146.734855  
271.8612187  
243.0189936  
1121.046732  
1771.554094  
1093.771522  
389.4674307  
383.240263  
323.3978793  
46.97344087  
61.84124736  
113.1254726  
656.5068752  
713.3528431  
818.4382884  
168.235586  
51.29079772  
1666.116248  
166.3809874  
314.0627868  
290.7208949  
273.4720565  
474.4511697  
1213.338086  
660.7061749  
964.2182714  
279.3080298  
174.8361595  
161.6611983  
95.19773402  
2119.774571  
4768.942471  
1067.816335  
368.4493773  
387.289416  
645.0796724  
510.1074219  
93.48614215  
1729.685239  
1093.109289  
165.0640304  
463.5845528  
1288.73364  
137.185747  
381.2096733  
255.84832  
937.2045723  
1289.376212  
110.0034325  
658.5320105  
862.0451915  
120.3930933  
36.37710554  
474.2631979  
371.9000011  
321.2751255  
18.95639669  
170.4005766  
601.3160925  
143.5513676  
105.485258  
73.40614524  
280.0358223  
75.75753179  
47.94868494  
62.0442822  
40.33901062  
59.64436693  
49.09723918  
135.4249136  
97.83788432  
56.90927229  
369.5736976  
52.837686  
489.7321972  
338.8411206  
907.2416285  
54.63350312  
138.4063233  
454.6611569  
55.97054021  
37.34544104  
4.587561194  
5.690847528  
522.9517351  
274.5165452  
67.22366463  
412.3931806  
246.8103885  
97.47033861  
41.75930559  
436.1235943  
643.0072016  
115.177861  
517.3835522  
40.70533955  
282.1358866  
185.3708773  
713.028494  
501.739656  
24.15296111  
304.3564734  
260.5365106  
723.6178811  
116.4885037  
477.1946051  
40.52800318  
534.5343963  
1032.61155  
501.2270847  
1442.260627  
1466.199818  
33.18499262  
763.8535353  
931.1104598  
1982.709028  
220.622611  
24.35883077  
1348.897731  
776.4398567  
70.06860227  
4504.927647  
698.4702872  
44.27846996  
102.9307283  
472.0398223  
1472.524943  
546.8027886  
110.7755384  
534.3364567  
449.4391116  
83.94340686  
746.9557019  
252.4229094  
113.4046698  
227.9637338  
278.8878198  
117.0032206  
95.94563882  
93.58658791  
199.6103283  
348.5976543  
379.6469479  
59.53746792  
16.55436889  
500.3116684  
207.5413273  
170.5989878  
38.44422419  
565.5751547  
17.82165353  
98.91799248  
1.993699978  
110.268444  
100.8331593  
27.89708733  
123.3390577  
73.56310119  
9.685815823  
73.47321463  
82.12107632  
12.68957988  
42.25012486  
114.6109762  
243.810686  
2.457506023  
72.41143329  
12.60820787  
296.689621  
26.07479781  
107.7948071  
388.0190741  
54.8190096  
172.1125641  
159.779527  
7.576806321  
118.1165681  
33.65631318  
2.486647944  
35.3904586  
106.8966953  
113.4328574  
72.4376011  
80.50345256  
18.40226247  
24.29581164  
6.024438089  
82.50211339  
350.5018331  
156.1199714  
9.08135885  
18.73425269  
72.87844467  
8.934139489  
20.44561375  
4.536647574  
46.37492221  
310.9705633  
126.203027  
66.52844137  
0.5162553138  
94.3696716  
31.86175985  
30.55070636  
20.02266262  
37.47893009  
115.6640123  
55.30712229  
134.0060679  
23.89532436  
18.18458158  
16.13396593  
21.68139932  
111.6884828  
75.20048372  
36.78135369  
159.487003  
143.591286  
5.966913938  
4.001362058  
107.2553103  
20.81252131  
161.6679915  
106.3377925  
6.950864492  
127.7320095  
155.6998294  
78.46474634  
124.5912678  
57.15554435  
22.07944422  
107.5985338  
3.168560454  
1.096163332  
6.016675552  
0.1570095634  
39.70282469  
26.43609822  
19.91136489  
124.3843049  
6.566903399  
13.56817257  
154.6084623  
33.19617205  
42.28708103  
101.1522095  
48.40554836  
40.52034077  
31.40052199  
0.08814893264  
104.3773022  
44.16673831  
81.99373821  
214.0777222  
34.44398761  
64.35163738  
28.88865422  
111.2557284  
30.2833675  
18.19963493  
27.71431163  
28.78486704  
63.83988426  
2.083226674  
27.41372019  
31.5160864  
92.38767981  
189.1694325  
34.83965825  
220.8008698  
33.08427493  
109.9112969  
91.65369865  
22.87432621  
170.2859275  
175.746236  
87.33036184  
83.3177219  
61.3452808  
23.3008522  
19.0692945  
58.24452888  
191.8322193  
87.50312532  
75.94170271  
80.16016006  
20.73779759  
18.3923023  
57.72025219  
3.457710146  
54.34834361  
65.15684623  
83.60868322  
246.021059  
7.443139913  
75.32238169  
22.39863636  
4.386550871  
4.672030067  
33.89632377  
91.73924857  
10.84869388  
24.54490925  
92.93570988  
24.21279036  
83.51364257  
88.87735472  
68.00761683  
46.4585783  
151.8362107  
291.0028229  
125.6015714  
73.84174449  
69.55435256  
0.8270946995  
80.31752876  
42.28485125  
210.0445342  
107.3566785  
4.131439429  
11.61257464  
51.02291929  
9.414738147  
12.97323088  
59.34531492  
30.99832079  
3.361385128  
243.4424902  
55.43728625  
184.3989506  
19.70275488  
44.92474654  
17.83548662  
4.692922078  
109.5984339  
6.007956976  
80.91474768  
85.67220134  
28.52325672  
41.7000785  
59.39362134  
4.473548839  
92.43666127  
82.134996  
37.34763884  
38.14832421  
26.49642566  
33.26829797  
53.68782133  
93.12148774  
1.999639085  
119.7513631  
26.22249424  
32.80302081  
23.15254542  
55.89566081  
19.88427583  
115.5505125  
151.9025337  
14.21014262  
46.31915584  
84.30847313  
6.23433591  
317.3067521  
102.9820064  
18.95859371  
75.69954537  
71.66488714  
121.1575312  
28.07584509  
11.8798456  
13.7007274  
5.432849069  
161.4584585  
0.01821436162  
18.22824471  
22.85781405  
115.3933285  
12.19418376  
58.96237906  
92.98121933  
13.44256865  
98.91484096  
140.7036396  
72.80392387  
71.57041325  
5.975709162  
42.44931933  
29.2185059  
119.4981956  
56.20579275  
20.57450776  
15.30995984  
10.61324777  
37.0709077  
8.027278208  
20.75288124  
5.444838746  
120.4914135  
35.06877039  
20.03146099  
7.302095653  
95.27876646  
196.0598301  
205.761191  
27.13020889  
6.337043381  
21.96031129  
53.55374916  
30.23838732  
25.26006334  
91.68001632  
54.19644938  
11.62852009  
13.79207922  
18.70036144  
46.07331535  
13.09473935  
82.33282534  
34.02858339  
1.028074847  
48.90781594  
47.0255454  
71.03747402  
44.84105302  
110.3259831  
110.9173101  
31.92075744  
0.5419980386  
125.6314347  
248.5703994  
24.1468411  
112.1603359  
16.26562995  
105.4655767  
37.94389589  
22.11427493  
1.696212771  
216.469139  
213.5019334  
8.677314617  
380.4429547  
28.48219717  
41.05084266  
98.66066357  
72.46469247  
85.26193759  
63.18887682  
56.8063986  
121.0802798  
42.028642  
180.352804  
61.7545487  
41.79714299  
13.43760185  
59.66403923  
244.0606815  
97.84362886  
95.70380258  
442.6175658  
16.21093266  
87.45415532  
15.992803  
183.8519083  
289.0880812  
79.73156628  
147.3329093  
48.06957292  
199.7092392  
147.6112544  
274.0156771  
79.57563178  
147.7883047  
96.27881281  
120.6467754  
47.72795568  
233.3839421  
4.064979845  
245.7690261  
252.2024112  
578.1651201  
182.86404  
45.97234739  
252.5874871  
22.76897617  
44.28918413  
134.8237529  
294.8913752  
561.5569937  
492.8474609  
831.6871956  
325.8741319  
128.7114803  
126.4410302  
172.1744508  
111.3798042  
170.781282  
16.24850224  
176.735878  
3.734775739  
146.711779  
19.19463251  
67.60161579  
137.6899437  
139.8484568  
79.41066666  
28.88316973  
170.5828567  
42.85091266  
84.45644541  
503.38383  
4.020675217  
30.69923037  
69.97134848  
138.3871448  
522.8964067  
131.5848747  
223.8937481  
56.97838445  
412.1273892  
71.60198787  
587.1275992  
41.49301351  
2.953071864  
86.82792956  
152.5269544  
2.822700665  
65.10341163  
49.43580864  
100.4880704  
29.85138641  
31.87943677  
20.97531185  
25.2381807  
109.2950885  
225.2216936  
9.893797664  
9.724640311  
4.59351854  
20.29677238  
32.87386317  
7.23764695  
10.56362118  
62.33755392  
241.0848235  
52.60832746  
28.38746264  
100.7153412  
4.043102881  
15.5669341  
9.137619842  
9.301596674  
105.7575505  
64.75528636  
12.58356675  
95.98916702  
12.54207646  
13.66929072  
13.21509774  
39.62446333  
35.43784815  
20.20356392  
3.137761251  
18.79626023  
51.94632501  
49.4811143  
7.092276416  
37.85808423  
196.6518829  
6.350431757  
3.527537339  
71.46406402  
21.31465324  
81.48916451  
95.23892924  
33.62355906  
48.72729242  
66.89105294  
28.12742416  
205.3804806  
5.073416878  
56.73860154  
1.742870836  
51.17104141  
6.05348189  
39.97033349  
57.32733472  
12.27424766  
82.36651469  
0.3415604673  
36.25696398  
23.94104112  
50.86499462  
57.72819078  
84.290891  
57.57564256  
93.65782186  
59.03485154  
23.28341514  
167.4108976  
63.46093819  
21.4184985  
10.47085635  
10.64228575  
13.7483613  
33.90048771  
6.431086715  
41.73097239  
63.25889249  
56.22414859  
77.77935142  
2.288921873  
60.44058982  
58.06196758  
68.48722701  
19.5513285  
18.38146226  
130.3228976  
12.69747419  
0.423363075  
18.62517393  
149.6039918  
