-0.1764103764  
-0.2878110515  
-0.5867857188  
-0.1008204413  
-0.2230553679  
-0.1478254347  
-0.1906884712  
-0.2347876346  
-0.07959376454  
-0.4544452398  
-0.08838563895  
-0.2047648512  
-0.2458984981  
-0.09026143922  
-0.278789681  
-0.3058388675  
-0.1099558293  
-0.1312646077  
-0.1230559995  
-0.1432557911  
-0.1360475327  
-0.01136978408  
-0.2249061946  
-0.7611734841  
0.06632921926  
0.009948542771  
-0.1454743756  
-0.06446765875  
0.05733744908  
-0.06887800909  
-0.03087854706  
0.05549123709  
0.0148248098  
0.0898823074  
-0.1104827688  
0.01178359858  
0.03198831032  
-0.7329370265  
0.1383219129  
-0.06113803278  
-0.05378979212  
-0.355269013  
-0.08733885305  
0.215827825  
-0.1741897978  
-0.127275205  
0.07557883932  
-0.06081456993  
-0.3547595929  
-0.1590097484  
-0.1385413386  
-0.09036189563  
-0.1424699416  
-0.3712815635  
-0.1225918832  
-0.03474818024  
-0.2281000248  
0.006974980212  
-0.2258596813  
-0.2008657773  
-0.4066733378  
-0.2292062487  
-0.7742637061  
-0.1867939285  
-0.1257329591  
-0.05686166958  
-0.1782642781  
-0.845894598  
-0.1726729752  
-0.04657932616  
-0.01190426973  
-0.05210944487  
-0.04830116225  
-0.775605237  
-0.2540714146  
-0.09015780919  
0.0485029154  
-0.04595420968  
-0.03845345727  
-0.01499334532  
-0.01498326303  
0.1323716793  
-0.09922847689  
0.07583091434  
0.05797380739  
-0.08965540478  
-0.07315174331  
0.06239313903  
0.236361745  
-0.1021004421  
-0.07771929549  
0.1113281079  
0.06086737072  
-0.1709263573  
-0.1405911052  
-0.8422324521  
-0.1004870423  
-0.1988774098  
-0.03166978642  
0.05358532244  
0.08675158827  
-0.00919796642  
0.02089105998  
0.2117073163  
0.2276462169  
-0.04077379248  
-0.1169956809  
0.1010256268  
-0.1284790264  
-0.03263910472  
-0.06937839421  
-0.003756114075  
-0.07856985343  
-0.1115282319  
0.07988872133  
0.07978561126  
-0.01833008933  
-0.1141351564  
-0.03883928517  
-0.3380841038  
-0.08074118313  
0.0186115695  
-0.009555097111  
0.06431615961  
0.008758619936  
0.1184378391  
0.02775310984  
0.1185040517  
-0.06333855798  
0.1712846389  
0.3143117825  
0.1871758131  
0.2676727029  
0.1960492534  
0.22637535  
-0.01240847387  
0.1764191913  
0.205407788  
0.1219536621  
0.04515018692  
0.01188201302  
-0.1139105712  
0.1971488739  
-0.5385763793  
0.1186440337  
0.1602690367  
0.1720862491  
0.2761508418  
0.2150727047  
-0.6613997678  
0.140637491  
0.250025785  
0.2058406633  
0.1214272994  
0.0186860975  
0.2654282034  
0.1716479967  
0.0147857901  
-0.079244852  
0.2147665733  
0.05678547499  
-0.05287487549  
0.06572118593  
0.1721645454  
0.0139133791  
-0.0353789019  
-0.08326825868  
0.04320983313  
-0.04976140548  
-0.002074817792  
0.03606936884  
0.04759452019  
-0.147563138  
0.08660880617  
0.09075632553  
-0.8071805636  
0.03589950083  
0.2351160487  
0.04573031  
0.3119234808  
0.0933295269  
0.04037239892  
0.1129787694  
0.2211663765  
0.04561138264  
-0.02393030871  
-0.5499235715  
-0.02338615525  
0.4050951876  
0.05963945086  
0.05203344169  
-0.009041733522  
-0.07451230751  
0.1953626833  
-0.5124493346  
-0.2061524372  
0.07029946603  
-0.09844749156  
0.2543321545  
0.228867958  
-0.1793048803  
0.06390484648  
-0.1302370737  
0.1086957328  
0.08045476039  
0.06031447406  
-0.0766226191  
0.06838670554  
0.2547844883  
0.1450269876  
0.1051076936  
0.0130065777  
-2.774564479  
0.1198579261  
0.1886095633  
0.100860307  
0.1265299808  
0.05100367706  
0.2201278561  
0.2207469789  
0.2241882536  
-0.003863006804  
0.05380041937  
-0.004086264855  
0.2625202566  
0.3096218645  
0.2079781996  
0.05013747467  
0.1477313342  
0.09396327284  
0.2012923846  
0.145721268  
0.1971271154  
-0.005746014725  
-0.08388355219  
-0.2187675163  
0.09743765369  
0.2607399694  
-0.0383212584  
0.1519249077  
-0.1376529373  
0.0366720467  
0.08032577573  
0.08434084976  
-0.03927814134  
-0.02714853377  
-0.05361600044  
0.06618768347  
-0.1721665901  
-0.03286204802  
0.1026488713  
0.007250878794  
-0.005678005477  
-0.3026286505  
-3.102924203  
-0.01289356063  
0.1579747337  
0.3793611875  
0.4970449996  
0.2237219915  
0.1875695057  
0.1605853448  
0.2366263522  
0.1923652826  
-0.117637679  
0.2940473025  
0.1776772787  
0.591813067  
0.443506461  
0.4714557645  
0.3662808218  
0.3798151651  
0.3687541602  
0.5433079264  
0.2428007742  
0.6336905972  
0.7011572521  
0.4947352826  
0.4514116738  
0.3938347395  
0.3425544583  
0.2617153869  
0.3829113504  
0.5028737904  
0.3591332168  
0.467867379  
0.3052992711  
-0.02911322852  
0.4976316448  
0.5570069722  
0.5531133944  
0.4042678992  
0.3720977099  
0.3317609303  
0.4881813214  
0.236063335  
0.5400957688  
0.3844334183  
0.3872553896  
0.1954068246  
0.2636077296  
0.2953882807  
0.09467053868  
0.162948937  
0.09711079598  
0.1109339316  
0.2908336636  
0.1031009442  
0.2398263627  
0.0617815404  
0.1656499855  
0.2955086833  
0.06821767281  
0.1780320956  
0.07862590377  
0.4156508549  
0.4591321562  
0.2624092737  
0.2302554194  
0.02699326867  
-0.0877894722  
-4.235761762  
0.2439011717  
0.2879520406  
0.3569023681  
0.4579655602  
0.2514568834  
0.02609679933  
0.1228281442  
0.164527473  
0.1091911088  
0.163603754  
0.1588668272  
0.03722567073  
-0.7590403687  
-0.3869899182  
0.1466832137  
-0.1282058706  
0.1936244377  
0.1328192934  
-0.09599847417  
0.3045495159  
0.01085973304  
-0.1411764504  
0.1141005352  
0.2498857511  
0.05673641668  
0.201699224  
0.3703718341  
0.2263072432  
-0.189550356  
0.3338772478  
0.3929564483  
0.2687394863  
0.170077153  
0.422862792  
0.2547385705  
0.3766136253  
0.2053567891  
0.3805782139  
0.354815061  
0.2667881057  
-0.07365951788  
-0.1330058165  
0.02053123641  
0.3566819392  
0.2287586537  
-0.1475415426  
0.1893975644  
0.3280626946  
-0.2245747559  
-0.1658111579  
-0.2050856023  
0.3823324098  
0.2739842902  
0.275565981  
-0.09655459324  
0.2614350264  
-0.05712459486  
0.215945532  
0.09233704088  
-0.1202322686  
0.2298568122  
0.1788657116  
0.3130050603  
0.03986815306  
0.07211432708  
-0.4019338268  
0.3404520402  
0.4054597721  
0.1005052066  
-0.04540655684  
0.1933143691  
0.09862786741  
0.06676140691  
0.09040808987  
0.251689189  
0.2613283545  
0.2016356072  
0.2007710044  
0.2322064042  
0.2222016837  
0.1710099793  
-0.06528159729  
0.1075147823  
0.1501284493  
-0.3114959816  
-0.3740690347  
-0.178993031  
0.09625553995  
0.5010219347  
0.3293379042  
-0.0477080438  
-0.003636702872  
-0.6973819953  
0.4673426077  
0.3038694536  
0.2361982022  
0.2296537693  
0.2227992145  
0.357316362  
-0.8522971547  
0.2646763701  
0.3107077138  
0.2123411953  
0.2896456826  
-0.008870573639  
0.1432087437  
0.1127332196  
0.44819836  
0.2188467009  
0.07608643338  
0.1514875681  
0.215757601  
0.06433438614  
0.09348166816  
0.2696700315  
0.2091771969  
0.1409214408  
0.1451450854  
0.3682438327  
0.3187667606  
0.011619448  
0.3317247271  
0.3026198457  
0.3582220926  
0.4635734555  
0.2354222328  
-0.1624703837  
0.05164339013  
0.502377214  
0.436921661  
0.2726198603  
0.4124045852  
0.5936174163  
-0.4612649369  
0.3074496354  
0.3866948863  
0.058881779  
0.0338977223  
0.2485614513  
0.1702907092  
0.2131989036  
0.6138915755  
0.4110854334  
0.1528992486  
0.2561488851  
0.06480028122  
-0.4690509521  
0.3160807261  
0.4603587211  
0.07880721911  
0.3202239621  
0.06816663774  
-0.6644426592  
-0.4492800065  
0.3443066171  
0.3811014523  
0.4459284664  
0.4493275235  
0.370624826  
0.2110826934  
0.06556703701  
0.3026513351  
0.3942381579  
0.3975506824  
0.1711605196  
0.4209850945  
0.6347292188  
0.4871289094  
-0.1430720438  
0.339761743  
0.5865671747  
0.5891709354  
0.2191793609  
0.4015193489  
0.5335894174  
0.3714254067  
-0.0476879713  
0.6376825194  
0.4964719141  
0.5709239426  
0.4095702367  
0.7595860761  
0.3931606708  
0.02741953814  
-0.02737345124  
0.4557782309  
0.6889708112  
0.2596710457  
0.3308201805  
0.2137359197  
-0.1652526927  
-0.602517848  
0.5687522134  
0.3489379191  
0.1231374624  
0.4434565738  
0.6936433571  
-0.899590565  
-0.4547425339  
0.1960066543  
0.5466988994  
0.5395040773  
0.0210667151  
-0.3175307396  
-0.2438067607  
0.01819216146  
0.5657945778  
0.5812147012  
0.5360546266  
0.3484302975  
-0.3043747856  
0.2628194477  
0.2784802057  
0.4931012349  
0.0749790838  
0.4534810381  
0.7046674042  
0.6347813032  
0.1893895518  
0.7054282544  
0.6342218714  
0.7814561251  
0.4551667719  
0.3041317573  
0.02998761564  
-0.257064114  
-0.6886078078  
0.06148905604  
-0.02137503982  
-0.08733963784  
-0.2804902276  
0.07985089248  
0.3286510438  
0.1277716716  
0.176412644  
0.09212562263  
-0.02370772363  
0.2080426638  
0.2145540328  
-0.6336369387  
0.313209524  
-0.007304886398  
-0.6272937522  
-0.1045618198  
0.2739533466  
0.4533339622  
0.201923337  
-0.9154574158  
0.3937271515  
-4.180419865  
-0.368543331  
0.3779722937  
0.4512660375  
0.03038264178  
-0.4688060105  
-1.133542929  
0.09342795425  
0.4293052042  
0.6244913056  
0.4857746091  
0.004364614559  
-0.2092085639  
-0.1806265351  
0.6236344638  
0.3928422008  
0.4811690969  
0.4838104682  
0.5632602972  
0.2911986075  
0.3015759167  
0.4180279776  
0.3261611893  
0.4962759629  
0.4142784278  
0.1254210584  
0.4281378096  
0.5320809952  
0.5546098433  
0.5559760454  
0.6110457962  
0.2632571331  
0.3869057177  
0.5461602829  
0.5133066749  
0.4313211631  
0.5201816377  
0.6306920789  
0.4910919075  
0.8210420441  
0.2331003748  
0.03830062876  
0.3985254603  
0.6285325156  
0.465361757  
0.3148472831  
0.6378631129  
0.5991318971  
0.6040498557  
-0.2486781058  
0.6494615332  
0.2582097425  
0.6049313074  
0.5540153829  
0.6323243688  
0.4031433062  
0.7526487774  
0.3549671821  
0.6580225147  
0.6347412041  
0.8975272474  
0.4324924924  
0.5585560879  
0.5849975922  
0.4772936436  
0.523915411  
0.635573116  
0.485678714  
0.6339343739  
0.6274000061  
0.2416228927  
0.2973588385  
0.7465135467  
0.7524051788  
0.846510267  
0.6290660236  
0.5991892703  
0.7186553248  
0.2140316886  
0.7173535834  
0.420018571  
0.650658105  
0.9409071271  
0.7688963913  
0.6872520879  
0.5874715122  
0.5179087358  
0.8810639924  
0.9825911005  
0.8415918403  
0.9049692607  
0.8567316103  
0.7331467043  
1.105959269  
0.6514536903  
1.125267573  
-0.3293487981  
0.6352180984  
0.1739140819  
0.6357180334  
0.7735115217  
1.176360847  
0.5858357192  
0.6383593871  
0.4651287975  
-0.3132849161  
-0.1479881602  
1.038807314  
1.241014842  
0.9659669812  
0.6935300426  
0.3504270196  
-3.399356312  
0.7115857803  
1.028273479  
0.8055036644  
0.4168401055  
0.8161323783  
-3.128228217  
0.6756750184  
1.102028052  
0.946686756  
0.151576366  
0.9500539159  
1.060319455  
1.026047783  
1.14442635  
1.606730966  
0.8211298735  
0.4220719276  
0.4061227398  
0.7272932633  
1.172377042  
0.8777782931  
1.245643269  
1.187103469  
1.214472232  
0.9712456895  
0.572514528  
-0.1439654947  
1.094292937  
1.129647145  
1.271565467  
0.9346372545  
1.046685428  
0.5923381382  
0.346099746  
-3.495560684  
1.506735097  
1.430580418  
1.146965987  
0.4121049886  
0.8220796379  
0.7717788876  
0.9567364978  
1.389044591  
1.290266957  
1.201292858  
0.7448931434  
0.9215916261  
0.4667640758  
-3.431244229  
1.08673675  
1.414489421  
1.388456075  
1.156803421  
-3.443344907  
-3.113073828  
0.5447909724  
1.770361095  
0.998733726  
0.7438211725  
-3.106336366  
0.9295018294  
-2.93670412  
0.7237015275  
1.439990176  
1.411104035  
1.126013944  
1.050841621  
-2.883844853  
1.110664874  
1.198620332  
0.5685335164  
-3.169939269  
0.9098253732  
1.115485427  
1.357096587  
0.6879298397  
0.813094113  
1.21587746  
1.518219618  
1.655499448  
1.533017948  
0.811746159  
0.3564090171  
-2.942392404  
1.575325503  
1.60345134  
0.6786908829  
-3.088171118  
-2.982291739  
0.6568002155  
-2.856913043  
1.615971777  
1.494119948  
1.269701074  
0.4200825876  
1.338626204  
-2.936323683  
0.7277378794  
1.56456978  
1.918343036  
1.614182231  
1.458001061  
1.405014305  
-3.017475659  
1.756747497  
1.801157668  
1.489968279  
1.755229658  
-2.939945485  
1.33774084  
1.396831847  
1.571490762  
1.668536486  
1.434741587  
1.811877252  
-2.925644206  
1.115103865  
1.715209349  
2.104039857  
1.960640641  
1.9064345  
1.421310919  
1.275776197  
1.722143024  
-2.874141574  
1.703482466  
1.50563383  
1.483741223  
1.601527924  
1.932998301  
-2.824856545  
-2.701692554  
1.917160155  
2.098960477  
1.385219785  
1.503632947  
-2.654729819  
-2.681994233  
-2.455846259  
1.892643339  
1.466921688  
1.853386532  
2.02203389  
1.593934519  
-2.600419868  
0.6079795776  
1.966116033  
2.330697367  
2.167449673  
1.79066268  
1.998270473  
1.567701303  
-2.616607329  
2.053900191  
2.209972159  
2.230531063  
2.035379173  
1.56613459  
2.25868805  
2.07727843  
2.132783049  
1.919315291  
2.004102183  
2.286371805  
1.953917445  
1.249761752  
1.380500036  
2.193687148  
2.172824301  
1.854164478  
2.053643601  
-2.384266185  
-2.510519202  
-2.300785244  
2.056967507  
2.45729365  
2.162056115  
1.818173663  
2.324402914  
-2.283975721  
2.092877769  
-2.476600378  
2.045393258  
-2.437461059  
-2.25636528  
-2.33444503  
-2.414964908  
-2.390023687  
-2.280066304  
-2.269388642  
-2.403438229  
-2.385942461  
-2.184789504  
-2.239147922  
-2.149337367  
-2.434776275  
-2.348152189  
-2.370137396  
-2.21552594  
-2.175225687  
-2.092248003  
-2.212469184  
-2.232760065  
-2.239233155  
1.860394238  
2.505176819  
-2.33762341  
-2.165811321  
2.413676555  
2.132267398  
2.316545728  
2.191813322  
-2.241903612  
-2.167522838  
2.399319068  
-2.177439627  
2.520035194  
2.59097706  
-2.153682604  
-2.125819571  
-1.9431388  
-2.01939334  
-2.137041814  
1.968913471  
2.239562967  
-2.005824225  
1.928442598  
-2.008481462  
2.627218082  
2.320392223  
2.405244613  
2.265793688  
-1.95853606  
-2.073770724  
-1.816914231  
-1.983378722  
2.452430659  
2.82788091  
-1.846797724  
-1.850065447  
-1.89818881  
-1.906834567  
2.700097224  
-2.047757305  
-1.873278379  
-1.801651836  
-2.03032593  
-1.889786542  
2.840130577  
2.801581296  
-1.959262368  
-1.895701243  
-1.684748288  
-1.721485264  
-1.845503526  
-1.954748555  
-1.898278629  
-1.842805581  
-1.744187318  
-1.725065605  
-1.864763362  
-1.799880366  
-1.82601605  
-1.537424279  
-1.78197368  
-1.818807986  
-1.725453421  
-1.772339372  
2.556715946  
-1.49895665  
2.613411203  
2.668763591  
2.01518402  
-1.749742342  
-1.726128943  
2.959524282  
2.945716571  
2.765546579  
-1.698669333  
-1.479674549  
-1.14184849  
-1.634403529  
-1.64289492  
-1.702178429  
2.813953943  
-1.410293926  
-1.413080426  
-1.571860947  
2.561457002  
-1.560579337  
3.104644031  
2.999130793  
-1.563207163  
-1.412674901  
-1.308310609  
2.754611374  
2.882397734  
-1.439040132  
-1.374436151  
-1.39379717  
-1.378858847  
-1.272187978  
-1.334149171  
-1.305525183  
-1.423709884  
-1.446885159  
-1.308724971  
-1.211546297  
-1.338538153  
-1.408571855  
-1.288040118  
-1.36279291  
-1.078716262  
-1.202226588  
-1.287378827  
-1.216205903  
-1.341046689  
-1.164814952  
-1.170945564  
-1.085464426  
-1.145603707  
-1.227489861  
-1.117654499  
-1.249710302  
-1.345192644  
-1.245073225  
-1.171866714  
-1.109192644  
-1.179817015  
-1.041936025  
-1.254654754  
-1.129261128  
-1.240712772  
-1.006858932  
-1.185928137  
-1.175255931  
-0.94655865  
-1.220129945  
-1.180940457  
-1.287541793  
-1.122618454  
-1.152950321  
-1.187489201  
-1.184091233  
-1.065972308  
2.973150568  
-1.057472007  
-0.9956718092  
-1.06989942  
-1.016113368  
-1.247881363  
-1.101968006  
3.478875978  
-1.022878476  
-0.9919454796  
-1.110118112  
-0.9978184924  
-0.9771454604  
-0.8020493495  
-0.985786947  
-1.010554104  
-0.9474372691  
-0.935274431  
-0.6841197508  
-0.9517632693  
-1.042352551  
-0.787435052  
-0.7049738581  
-0.9006244449  
-0.9042799496  
-0.9675130228  
-1.001252156  
-0.9348355952  
-0.8048562458  
-0.9479603458  
-0.6355169979  
-0.648897277  
-0.8764410586  
-0.6654034123  
-0.816319144  
-0.6460720355  
-0.9298870801  
-0.8333450935  
-0.8084227331  
-0.7083357925  
-0.8603913617  
-0.7237379428  
-0.7640154302  
-0.6690374791  
-0.8089713748  
-0.9227180098  
-0.815267328  
-0.737212169  
-0.6099123743  
-0.7665941263  
-0.5608381515  
-0.659347312  
-0.8838004279  
-0.7907732383  
-0.7635489656  
-0.6497307148  
-0.7528218835  
-0.7920981264  
-0.7265989783  
-0.447484668  
-0.5246036794  
-0.6303926484  
-0.6477966623  
-0.5472560872  
-0.7306099934  
-0.5577632484  
-0.6792915442  
-0.7915107802  
-0.7203003486  
-0.6522800056  
-0.4616869817  
-0.6386117535  
-0.6316615185  
-0.8046004237  
-0.5634981361  
-0.4226612378  
-0.4012736597  
-0.6135269047  
-0.570095649  
-0.5931378075  
-0.7833660551  
-0.4512184751  
-0.4564286729  
-0.5930152061  
-0.6248351427  
-0.6177539599  
-0.6413719179  
-0.6092507792  
-0.5105644528  
-0.4126678495  
-0.5190697371  
-0.5059404458  
-0.5234895597  
-0.4576744364  
-0.6206375659  
-0.2652793143  
-0.5585621145  
-0.3867550897  
-0.5111302641  
-0.3667807661  
-0.2535203147  
-0.5155382542  
-0.3555423148  
-0.5886422563  
-0.4687167007  
-0.5074491817  
-0.4815728998  
-0.4540964351  
-0.4356217889  
-0.2748599077  
-0.4941045332  
-0.4988731123  
-0.4453474042  
-0.4589198261  
-0.5093370533  
-0.5493108651  
-0.5608024914  
-0.6315987055  
-0.5155500797  
-0.4394699447  
-0.4726410985  
-0.4239161096  
-0.5848590626  
-0.5088142123  
-0.5103991726  
-0.3900287254  
-0.2664560592  
-0.4282823789  
-0.3490626858  
-0.4588716377  
-0.3632443371  
-0.475008561  
-0.323907494  
-0.3331331898  
-0.3508308974  
-0.2900698678  
-0.1224671524  
-0.3031615668  
-0.4197966906  
-0.3885211776  
-0.3221580292  
-0.180622808  
-0.447948637  
-0.2385923776  
-0.2972125241  
-0.2146732702  
-0.3421012018  
-0.3890616609  
-0.3619337734  
-0.4081563303  
-0.3606666483  
-0.283896884  
-0.2108814131  
-0.2269917915  
-0.3818038694  
-0.3279250158  
-0.2746099718  
-0.2458313636  
-0.2259946284  
-0.2147106731  
-0.2808431333  
-0.303965403  
-0.1482076825  
-0.2927555111  
-0.1793974799  
-0.1402813876  
-0.3121160177  
-0.0671895902  
-0.2351090903  
-0.2382522886  
-0.2284367247  
-0.2134089122  
-0.4059427999  
0.1641360697  
-0.1260695856  
-0.1950924982  
-0.1522786981  
-0.2051642785  
-0.2374897959  
-0.2696471639  
-0.1397276307  
-0.0912066105  
-0.2381614823  
-0.2299695878  
-0.05588808189  
-0.2159099409  
-0.1249562486  
-0.3937096539  
-0.1534652141  
-0.1663508074  
0.001754799997  
-0.2317566544  
-0.2857167946  
-0.2946512172  
-0.2541939328  
-0.03235317037  
-0.1154177274  
-0.2459480687  
-0.002716977653  
-0.1247711441  
-0.1761550501  
-0.07471163003  
0.2045030583  
0.1459688098  
-0.2316638862  
-0.2540249131  
-0.2300623439  
-0.216460679  
-0.05569722689  
0.004578085366  
0.1614799842  
0.02312119934  
-0.0472494964  
-0.1634189001  
-0.002262100646  
-0.07873418021  
-0.03175929199  
0.002856829668  
0.0207204145  
-0.1620926948  
-0.03320569147  
-0.05986590578  
0.1173171367  
0.1598797681  
-0.01212181559  
0.1019978289  
-0.01522568162  
0.05276411401  
0.01706642304  
0.06657109767  
0.1320162784  
0.05621600349  
-0.1209647851  
-0.04560570577  
0.1767893805  
0.2490365439  
-0.1281887053  
-0.01089445174  
0.01718615382  
0.1201969576  
-0.1565088658  
-0.04034874852  
0.04004839194  
-0.05751367164  
0.1366907615  
-0.04667663705  
0.03898636222  
-0.1487254828  
-0.005763640391  
0.05829248202  
0.1019944279  
0.1002503955  
-0.1247630707  
-0.01300403771  
-0.05641691029  
0.01416529669  
0.2108004178  
-0.04523287028  
-0.05712780895  
0.001057419541  
-0.1015123754  
0.1856133904  
0.1106376088  
0.1592847457  
0.09537199696  
-0.05813494191  
-0.1132796675  
0.08347964055  
-0.029485622  
0.07871824394  
-0.0430674926  
0.02571580531  
-0.04962663839  
-0.02740155165  
0.09801454778  
0.1185929985  
0.2344712776  
0.07778783898  
0.02909131785  
-0.06853060693  
-0.04760598582  
0.004295283237  
0.06276985444  
0.0879473887  
0.1759839069  
0.02401585764  
0.1015688476  
-0.1109387066  
0.04086358102  
-0.05377783826  
0.05279983537  
-0.01661719923  
-0.09183282503  
-0.09903205543  
0.07288783577  
0.1263316609  
-0.02889276553  
0.1573225455  
-0.03043256197  
0.1546382464  
-0.008345381038  
0.2389965004  
0.06339038061  
0.05668193686  
0.08752451461  
0.03663683922  
-0.06868857471  
0.2108043002  
0.01812535374  
0.172141231  
0.0136527183  
-0.15632548  
-0.07983392266  
0.05029844307  
0.1224670655  
0.01383234022  
0.1767073242  
-0.03291579948  
-0.0399830304  
0.06256480864  
0.2245077363  
0.1554271264  
0.1518122757  
0.04760276473  
-0.03766051916  
0.03315749484  
0.02628867507  
0.2141272356  
0.148526827  
0.1635840459  
0.1142104184  
0.2697989413  
0.03014673107  
0.1276048225  
0.1982615433  
0.04408509843  
-0.1314505975  
-0.1415420599  
-0.08820010837  
0.1214260284  
0.104082422  
0.07106586538  
0.02990598391  
0.04946399967  
0.2987064526  
0.09288531884  
0.1134124628  
0.07127163488  
0.1355266056  
0.2843308504  
0.06422466853  
0.3667080114  
0.2837491705  
0.09158456935  
0.1410272864  
0.120762652  
0.2435661927  
0.217884737  
0.03637040716  
0.06330099032  
0.2493149497  
0.3960542328  
0.05372194122  
0.04320323701  
0.04664762059  
0.05387154987  
-0.0179187405  
0.1945677809  
0.1638655002  
0.2062224919  
0.007944600358  
0.01223437534  
0.07755549842  
0.1104908419  
0.1473938134  
0.09433762999  
0.08437359968  
0.1464100454  
-0.09262648452  
0.124077681  
0.07062091056  
0.2184836563  
0.1588321111  
0.1802171909  
0.02715282675  
0.1607633155  
0.1058244403  
0.05148894085  
0.2661508609  
0.3478487645  
0.2013465971  
0.02814919679  
0.2353159877  
0.1778011537  
0.2826394595  
0.3047497851  
0.192895886  
