0.6806361693  
1.130808258  
0.7250257035  
1.076272087  
1.330193488  
1.325801822  
1.144528075  
0.9070582378  
1.267336084  
2.272732576  
1.936667209  
2.131802744  
2.265333062  
2.287164945  
2.453019023  
2.401806838  
2.141439236  
2.653729588  
1.931628981  
1.609220746  
0.9286886276  
0.8228482991  
0.5605707108  
-0.2482699848  
0.4535306045  
0.3201844408  
0.004934972231  
-0.04577503936  
-0.4450261335  
-0.2623849292  
-0.3652907499  
-0.7793752895  
-0.869343311  
-0.8113242485  
-0.9288592668  
-0.8329224309  
-0.1741334492  
-1.812016219  
-0.9281414534  
-0.9665380988  
-1.191693276  
-0.3909647272  
-0.6400202308  
-0.5985857136  
-0.1739990533  
-0.6442224668  
-0.7038068784  
-0.7918061043  
-0.7608215569  
-0.8818204317  
-1.222132513  
-1.618520015  
-1.625474376  
-1.547307968  
-1.404665787  
-0.8328885537  
-0.8897561556  
-0.7415922413  
-0.0767719223  
-0.3358533566  
0.2070554551  
0.2451791633  
0.05911559055  
0.7634100519  
0.5640122613  
0.4572595412  
0.3812324465  
0.09036329473  
0.3463491516  
0.1627847896  
-0.06222510526  
-0.02515420879  
-0.2414945431  
-0.6903390734  
-0.04920042785  
-0.3695958275  
-0.4491588484  
-0.4523457199  
-0.3026710036  
0.03993204281  
-0.2087364491  
-0.03752200974  
0.3431225428  
-0.00522733515  
-0.1683372165  
-0.1420776129  
-0.3864492233  
-0.5886173443  
-0.6492105277  
-0.7219271479  
-0.9059441376  
-0.948769474  
-0.9742837236  
-1.101110759  
-0.9559110608  
-1.618151511  
-0.8239979405  
-0.5405267539  
-0.7267529801  
-0.7306887681  
-0.4199629191  
0.3449709578  
-0.2625361659  
-0.1542381237  
-0.2256745115  
-0.295062565  
-0.4342602885  
-0.2829918414  
-0.2085716093  
-0.3463709265  
-0.729984945  
-0.825410147  
-0.6241587383  
-0.7300809143  
-0.799522687  
-0.5128422007  
-1.005951686  
-0.965490583  
-1.166641337  
-1.389442321  
-1.642420732  
-1.40651419  
-1.405982812  
-1.169673738  
-1.374319842  
-1.624225131  
-1.378017466  
-1.322366268  
-1.59498023  
-1.462545705  
-0.62299563  
-0.5893782174  
-0.2689679497  
-0.1712758744  
0.1597969875  
0.8883836442  
0.7747825792  
1.075116675  
1.446054815  
1.215484099  
1.058400206  
0.9463056711  
1.161876084  
1.037911926  
1.008724451  
0.9290413351  
0.8882268953  
0.8453754968  
1.125236957  
-0.1670250193  
0.948912707  
0.6819180187  
0.8110649717  
1.065208355  
1.020629704  
1.302323367  
1.696002757  
1.527054982  
1.403145231  
1.577736064  
1.308788143  
1.532873628  
1.511635184  
1.41280267  
1.266867355  
0.7749861369  
0.6372923233  
0.4511339385  
0.2866027916  
0.3353138121  
-0.2699212744  
-0.5050769191  
-0.6546723605  
-0.718117199  
-0.6689635727  
-1.19064074  
-0.7015219154  
-0.8324910699  
-1.039845856  
-0.9374689846  
-0.9375782388  
-0.9490266624  
-1.057282242  
-1.159041888  
-0.993625568  
-1.035112417  
-1.359829902  
-0.8091043693  
-0.5207277465  
-0.08575871173  
-0.2353344992  
-0.1503151055  
-0.6146841446  
-0.2785739746  
-0.2714360732  
0.01718531112  
-0.113740878  
-0.1079418987  
0.1717115046  
-0.1317042145  
-0.1501424475  
-0.2083043854  
-0.8132849854  
-0.3784313664  
-0.3179752681  
-0.3837954076  
-0.2606056425  
-0.04680973488  
0.3465726307  
0.3568789951  
0.4124771017  
0.4114018262  
-0.07693627884  
0.5826652444  
0.7219166344  
0.7116832456  
0.477739739  
0.3831440569  
0.2816470499  
0.05918250396  
-0.1318483843  
-0.1329361574  
0.1056402072  
-0.03268472416  
-0.2999558608  
-0.1964053969  
-0.4308211537  
-0.6950996349  
-0.613222209  
-0.13848858  
-0.09684859162  
0.002655464243  
0.05161368467  
0.5883088097  
0.5196903149  
0.4692892253  
0.6432469334  
0.9910885336  
1.207085202  
1.066621605  
0.6254491696  
0.9619132417  
0.7116225537  
1.023504243  
0.7793322575  
0.8928757355  
0.4786409906  
0.08364790258  
0.6223403525  
-0.0002401516165  
-0.3267507889  
-0.9690199872  
-0.6956174599  
-0.7370884133  
-0.745651006  
-0.2019393678  
0.1255048849  
0.0002478446728  
0.9972762251  
0.1130149836  
-0.09958732089  
0.08618408045  
-0.4088932709  
-0.3252286408  
0.08268412882  
-0.1131251339  
-0.04202547963  
-0.2518065864  
0.8383758152  
0.01643043133  
0.2738600696  
-0.09473337309  
-0.08471185238  
0.1544048168  
0.1152735143  
-0.1695099769  
0.1295783106  
0.2071877797  
0.1424510766  
-0.2055846774  
0.04073657461  
0.5457838043  
0.1123540276  
0.1227162087  
0.1167698717  
0.05060403654  
0.3491488575  
-0.4329295717  
0.2258446998  
0.1471452887  
0.2945625235  
0.4137308323  
0.2930082137  
0.6381206059  
0.9485127468  
0.8977571403  
0.8695999907  
1.014996318  
1.046426521  
1.924886438  
1.730989958  
2.181611749  
2.229894913  
1.99310371  
1.761958857  
1.353692197  
1.117843409  
1.107539215  
0.8035091925  
0.2740402368  
-0.04230714583  
-0.5285125591  
-0.8667507664  
-1.100685821  
-1.02867858  
-1.216370994  
-1.145481818  
-1.186461047  
-1.307200354  
-1.561267768  
-1.415081874  
-1.59188357  
-1.337980494  
-1.601653617  
-1.128473643  
-1.263634029  
-0.5161281558  
0.1897218952  
0.3957879122  
0.699997867  
0.8985877583  
0.8561532772  
0.7934389436  
0.6634379318  
0.8740024012  
0.8873614554  
1.000158738  
1.05370135  
0.9399104755  
2.359646636  
1.281009119  
0.8299651916  
1.12748036  
1.014258661  
1.127580953  
1.934424601  
1.607207722  
1.509905544  
1.650528411  
1.176265963  
0.684874079  
1.190199297  
1.099510036  
1.108110312  
1.069289713  
1.18544235  
1.257439107  
1.108333388  
1.030361619  
0.5042102946  
0.814937112  
1.070621763  
0.8253285427  
1.082258274  
0.7538801757  
0.2753389048  
0.1463538723  
0.0226605455  
-0.4252572283  
-0.4384524395  
-0.8489008774  
-0.9482617123  
-2.175446102  
-1.366308404  
-1.194429786  
-1.404339104  
-0.989075644  
-1.567142252  
-2.104147462  
-1.081355862  
-1.154317962  
-0.9162691974  
-0.9854110348  
-1.093720066  
-0.8321002272  
-0.9913954  
-1.147795373  
-0.9720252989  
-1.154024039  
-0.9805238951  
-1.344882114  
-1.46391868  
-1.701966896  
-1.30930721  
-1.162245154  
-0.8103278566  
-0.4125629366  
-0.5725231899  
-0.4403334104  
-0.6112037959  
-0.2568336845  
-0.09723729089  
0.04396127047  
0.6923683076  
0.5854711304  
0.7011100626  
1.501867752  
1.326109595  
1.53653655  
1.424278063  
1.144938023  
1.27294449  
1.173131751  
1.084201426  
1.257231416  
1.176485389  
1.400098911  
1.249384135  
1.599946956  
1.206918219  
1.169358391  
1.724757112  
1.496885719  
1.550190759  
1.224140989  
1.162235952  
1.481625391  
1.210743742  
1.294613371  
1.017547016  
1.035251156  
0.9523490222  
0.2983461314  
0.1619102233  
0.1823305839  
-0.2741186306  
-0.3882123388  
-1.098432401  
-1.086559353  
-1.122731064  
-2.106068061  
-2.502087446  
-2.189651016  
-2.840136813  
-2.581952391  
-2.659031835  
-2.396378393  
-1.981734453  
-2.031786373  
-1.184394826  
-1.402013044  
-1.076503367  
-1.085746197  
-1.048823511  
-1.223762019  
-1.181423815  
-1.190822365  
-1.610885009  
-1.376169238  
-1.407216199  
-1.753236045  
-1.615359351  
-1.673037772  
-2.011046981  
-1.681139855  
-1.844469485  
-1.628372594  
-1.47375888  
-0.9860139569  
-0.2127627867  
-0.5225369599  
0.328466121  
0.3625464662  
0.819649793  
1.133226945  
1.29534117  
1.468969473  
1.855529104  
1.8788613  
1.725220644  
1.761483448  
1.855119743  
2.191818733  
1.80652904  
1.603444409  
1.494351163  
1.230709991  
0.9188591708  
0.667175988  
0.6389069261  
0.7464057728  
0.7635122934  
0.5953724382  
0.4136574427  
0.9670127942  
0.3155790435  
0.444425434  
0.2679692646  
0.4809518026  
0.4731299543  
0.1097716689  
-0.02621952451  
0.2790860665  
-0.2301956379  
0.4565081137  
0.3878223405  
0.7262379279  
0.4816128626  
-0.01440769243  
0.01487835315  
-0.4600177911  
-0.498719491  
-0.5759067986  
-0.4809708092  
-0.7893778093  
-1.212472126  
-1.34344871  
-1.533610561  
-1.615899648  
-0.9555893983  
-0.7974608552  
-0.4841495534  
-0.4369386114  
-0.1577632147  
0.4612016066  
0.4829270651  
0.5735325358  
1.223355925  
0.6997114043  
0.7738445512  
0.2426276964  
0.1072393494  
0.1563828869  
-0.1470187309  
-0.04470377987  
-0.7849375706  
-0.4228055725  
-1.05699373  
-1.411764354  
-1.022121762  
-0.6265484351  
-0.3960338329  
-0.4299678101  
-0.1504279769  
0.3670883764  
0.5056086889  
1.139434617  
0.8208377331  
1.603790311  
1.37809477  
1.736969155  
1.806841288  
1.906025579  
2.108987599  
2.009099077  
2.265570086  
1.661581173  
1.933116213  
1.867813863  
1.757843274  
1.577067744  
1.234564088  
1.029432535  
0.8100418075  
0.9630073336  
0.9380669889  
0.8938979844  
1.04460894  
0.9785850138  
1.548380516  
1.160239568  
1.831015819  
1.789413015  
1.329510916  
1.349391195  
1.024696446  
1.311310723  
0.9848212977  
1.388189285  
0.9782161945  
0.5584322003  
0.6320364239  
0.2688604598  
0.2768221806  
0.6628207314  
0.3221896966  
0.2907324379  
0.2736507499  
0.6441541276  
0.2526028544  
0.5973353366  
0.98730439  
0.7324781276  
0.9903379859  
0.844451019  
0.9783754399  
1.383076433  
1.145383797  
1.05916624  
0.7837538323  
0.5135254451  
0.5277444091  
-0.2016744629  
-0.5138125714  
-0.3945167504  
-0.4929952623  
-0.2126699611  
-0.6658517378  
-0.5998933113  
-0.6149499541  
-0.872045981  
-0.07804889569  
-0.9721298993  
-0.8033832348  
-0.8028357616  
-0.450709231  
-0.0214036785  
0.276135275  
1.080126893  
0.7699676538  
1.442568457  
1.052500648  
1.512244745  
1.036804315  
1.107124677  
1.191118529  
1.091644055  
0.5967136222  
0.2594626907  
0.2171172955  
0.2911955858  
0.1205224037  
0.3305864192  
0.456105815  
-0.08396027615  
-0.08473874672  
-0.02187655652  
0.03385001002  
-0.01437166386  
-0.3456302738  
-0.2133511617  
-0.218354843  
0.01775363019  
-0.08599187327  
0.06336719061  
-0.06883106855  
-0.2804123616  
-0.4289048803  
-0.3296806989  
-0.8563537512  
-0.5612229409  
-0.5636037195  
-0.9039475989  
-0.8288918469  
-0.8101531439  
-0.893025616  
-1.184461153  
-0.5114042727  
-0.6979731098  
-0.9308256669  
-0.7918241516  
-0.4068742359  
-0.4367311491  
-0.2117889027  
-0.4744881398  
-0.05426571957  
-0.4304359755  
0.261254209  
-0.49385608  
-0.08911622931  
-0.3751068266  
-0.1577877199  
-0.3090160538  
-0.1303077067  
-0.3590829291  
-0.6682680132  
-0.6193463493  
-1.17047016  
-1.126862403  
-1.452244759  
-1.6103032  
-1.492861599  
-1.316418741  
-0.2955359735  
-0.3073992643  
-0.1669780681  
0.4359542944  
0.5132922579  
0.7530402861  
0.9010572577  
1.346485154  
1.162192  
1.24682429  
1.231196467  
1.625011884  
1.897660294  
1.392382248  
1.78876057  
1.166818052  
1.619674722  
0.901896178  
0.6576314427  
0.5113495417  
0.1618916897  
-0.02737216707  
-0.5396811788  
-0.9940592625  
-1.012505384  
-1.584756991  
-1.608523771  
-2.648611613  
-2.340144036  
-2.337312621  
-1.85399401  
-1.770872963  
-1.322472575  
-1.133961716  
-1.075507038  
-0.9899927973  
-1.108332376  
-0.6969314396  
-0.8014301291  
-0.426567176  
-0.441642256  
-0.4997778582  
-0.7473467424  
-1.077072911  
-1.085158131  
-1.509019919  
-1.122696989  
-1.690206125  
-1.790700053  
-1.858576817  
-1.646751349  
-2.001738604  
-1.958848835  
-1.325994507  
-1.464787709  
-0.5308692388  
-0.4997589938  
-0.6516229737  
-0.3601978414  
-0.5971670444  
-0.1122115877  
-0.3264605  
-0.05498873265  
-0.3993404573  
-0.5488652504  
-0.1971406942  
-0.2928685416  
-0.1143602619  
0.006173707566  
0.3352224863  
0.4009218364  
0.6137929018  
0.6600149564  
0.6337233477  
0.1749448242  
0.2043275305  
0.6225134513  
0.70922404  
0.7484548433  
0.8814333066  
0.8536008918  
1.154895754  
0.742756943  
0.5333646057  
0.7795144717  
0.2149183307  
-0.08446545094  
-0.1055257274  
-0.1270657964  
-0.4641265725  
-0.2439018292  
-0.3618072955  
-1.274354847  
-1.063207407  
-1.523142085  
-0.9108360441  
-1.590000656  
-0.8821421823  
-0.9062336499  
-0.3359339375  
-0.305559388  
-0.3194529951  
-0.04116815621  
-0.1570371924  
-0.2922684608  
-0.2905268664  
-0.4865056314  
-0.007118647711  
0.1048310579  
0.2886865962  
-0.06225160889  
0.09082707156  
0.05687779782  
0.190663605  
0.01849898619  
-0.1373204426  
-0.4965850202  
-0.3736362257  
-0.1531936372  
-0.2828440665  
-0.1441300576  
0.1075847311  
0.2766842316  
0.5473053659  
-0.006563150766  
0.5675218278  
0.1822282018  
0.1946322473  
0.2745846733  
-0.3722610952  
-1.083211574  
-0.7433720077  
-1.13823885  
-1.361091887  
-1.615003697  
-1.410643304  
-1.850876862  
-1.244958764  
-1.361899687  
-0.9806552726  
-0.5733723231  
-0.5180034757  
0.04352161347  
-0.1034051521  
0.06905925638  
0.2522364711  
0.2148725439  
0.3757394924  
0.4192261963  
0.6726919279  
0.8358259887  
1.053166902  
1.045505294  
1.314807786  
1.097185801  
0.4981710287  
0.8331664705  
0.7285182787  
1.226216869  
0.4963827443  
0.810017855  
0.9499114292  
1.292659618  
1.427553548  
1.38642472  
1.398246185  
1.180435366  
0.8313098539  
0.9039207976  
0.3123436251  
-0.03857541956  
-0.3977756002  
-0.2311542626  
-0.5049512316  
-0.115635653  
-0.3617137079  
-0.6006660754  
-0.4385906183  
-0.2711646436  
-0.6252954376  
-0.3778612331  
-0.4733212383  
-0.05095654082  
-0.2362507139  
-0.3546490643  
-0.6927516572  
-0.9652889079  
-1.095126699  
-1.086117835  
-1.830588814  
-1.928173889  
-2.235494672  
-2.176648162  
-2.071161884  
-1.664001607  
-1.688961446  
-1.44491358  
-1.172422581  
-0.997833125  
-1.195987658  
-1.059889217  
-0.8690290275  
-0.4291069571  
0.1613282853  
0.3905953829  
0.5579471505  
0.5359687379  
1.186087987  
1.474090738  
1.158608846  
1.037591732  
0.9711281746  
0.7295617838  
0.6753899351  
0.4131511156  
0.191598275  
-0.02523326459  
-0.7628651319  
-0.8172594285  
-0.593698239  
-0.8867207554  
-0.9105153353  
-0.5764202307  
-0.5896545246  
-0.1268372621  
-0.189758602  
0.05333807508  
-0.06753127949  
0.3918685829  
0.2048839655  
0.5341504426  
0.1731762194  
0.4428551904  
0.3339871881  
0.1832303873  
0.5269436961  
0.4750085398  
0.4441131407  
-0.5303223221  
-0.08861299824  
-0.5056781082  
-0.5796332174  
-0.5568405616  
-1.204013993  
-0.7233126035  
-0.70894167  
-0.6442305963  
-0.3012864553  
-0.1241374583  
-0.8638989024  
-0.676255403  
-0.02294084581  
-0.2759487384  
-0.3435894777  
0.1310392243  
-0.4336248703  
-0.3379942074  
-0.5639181049  
-0.5165536089  
-0.6660260184  
-0.8037018339  
-0.5570040529  
-0.2369913587  
0.009065168531  
0.2340972558  
-0.02054530968  
-0.5147777026  
0.2659073695  
0.9070033155  
0.9859743663  
1.03839881  
0.9302663478  
0.9860018943  
1.171501119  
1.43702443  
1.616641272  
1.997225081  
1.654434872  
1.750000913  
2.045778407  
1.863535847  
2.031300508  
2.481070375  
2.202204629  
2.008009501  
1.492669751  
2.091059523  
1.687276483  
2.046560891  
1.810424489  
1.986609324  
1.23353176  
1.397925333  
1.612523334  
1.629381147  
1.770866249  
1.445658943  
1.136953734  
1.098919153  
1.215597786  
1.292567954  
1.375949641  
0.6966292785  
-0.03292270491  
-0.1088844343  
-0.07498751365  
-0.35213275  
-0.1258323064  
-0.1709322402  
-0.2006370296  
-0.04083246254  
-0.1808154653  
-0.4828939363  
-0.9196051069  
-0.6275331747  
-0.9314101218  
-0.7705502976  
-1.049808953  
-0.8462084157  
-1.03837146  
-0.8947091921  
-0.7589294078  
-1.024751765  
-1.072704342  
-0.9383552305  
-0.9554735567  
-1.003393959  
-0.8623552518  
-0.8514295755  
-1.362954546  
-1.7319755  
-1.856667614  
-1.905808427  
-2.119635517  
-1.804890585  
-1.636251912  
-2.036118952  
-1.899915667  
-1.455627396  
-0.8964097633  
-0.7739404613  
-0.5281390908  
0.0596360745  
0.1080474581  
0.9986780453  
0.8784650265  
0.8418467614  
1.222958599  
1.351276029  
1.213136066  
1.299147776  
1.520564427  
1.266350137  
0.8788780995  
0.9695061847  
0.8640474609  
0.8719638083  
0.7906586063  
1.072964147  
0.6212423851  
0.5725103976  
0.5869466388  
1.276790763  
1.348998382  
0.9050662959  
1.037468117  
0.9033044211  
0.7598329624  
0.3180887278  
0.8609405191  
0.5338584542  
0.6655459437  
0.5885806795  
0.6284816541  
0.6103860721  
0.5812359501  
0.1505124088  
0.09359981052  
-0.05707361357  
-0.4352984355  
-0.4393679553  
-1.047652705  
-1.0156329  
-0.8131256153  
-0.9350006628  
-1.50580508  
-1.363596029  
-1.696212792  
-0.9048515573  
-0.7082732533  
-0.3945450868  
-0.3129110143  
-0.07529264047  
0.2321187951  
0.02026992493  
0.1453328485  
-0.1431033626  
-0.3697433595  
-0.6138180223  
-0.8635580375  
-1.184760857  
-1.891269748  
-1.305980006  
-1.106761805  
-1.057236617  
-1.592331501  
-1.769845677  
-1.9539843  
-1.901278077  
-1.632833884  
-1.840166633  
-1.825758658  
-1.669171548  
-1.626081551  
-1.467298541  
-1.175460382  
-0.2493488101  
0.07580559834  
0.7791487833  
0.7576242292  
0.8617006176  
0.6747886082  
0.9528724482  
0.9815743843  
0.7514723041  
0.881295867  
0.9334960506  
0.3616938387  
0.06884525901  
0.2270097422  
0.4268222901  
0.2940200335  
0.4493734383  
0.1486404351  
-0.1498880164  
0.4215009289  
0.5240320636  
0.7675589871  
0.53528136  
0.6461570371  
0.2837474242  
0.2779247589  
0.4792191701  
0.6705714137  
0.3056590067  
0.359177803  
0.1561286348  
-0.02885506513  
-0.800501851  
-1.181359619  
-1.008647996  
-1.246038506  
-1.099152143  
-1.311685869  
-1.793103487  
-2.179580676  
-1.905108079  
-1.636461832  
-1.90280055  
-1.94940731  
-2.087053581  
-2.237969905  
-2.303215813  
-2.254871945  
-2.089049831  
-1.961168755  
-2.01443208  
-1.807819476  
-1.623872396  
-1.271555102  
-1.424088276  
-1.067781451  
-0.5903504218  
-1.186928061  
-1.226499269  
-1.125190634  
-0.9712896035  
-1.162001782  
-0.7787144318  
-0.3252920364  
-0.4546492054  
-0.4507625208  
-0.247923792  
0.1912556086  
0.5673267887  
0.2910052835  
0.5256007709  
0.1691998157  
0.5874268858  
0.1147619211  
0.1665716198  
0.002223120696  
0.1521698486  
0.2137335386  
0.02427905094  
0.1234591894  
0.08195692065  
-0.06052638357  
0.1945925653  
0.6694913591  
0.996028931  
0.8806963043  
0.8213945295  
0.6324839614  
0.7460548181  
1.110786141  
0.8037599711  
1.002490951  
1.291331879  
0.9784033245  
1.130472985  
1.470581186  
1.499045191  
1.280574738  
1.074893779  
0.9579261828  
1.25496418  
1.408305033  
1.269386687  
1.112545114  
1.139397825  
0.7122029609  
0.643531481  
0.514092207  
0.1291867502  
-0.03031688516  
-0.6943243237  
-0.9458886291  
-1.008846381  
-0.5098891782  
-0.5264773999  
-0.5903160964  
-0.5649879544  
-0.4519802548  
-0.7729451967  
-0.8515088272  
-1.008338824  
-0.8307171866  
-1.115899496  
-1.083150102  
-1.575447495  
-1.623078116  
-1.426180857  
-1.410730623  
-1.284909545  
-1.729043349  
-1.590808046  
-1.687626574  
-1.727027345  
-1.800452494  
-1.336554636  
-1.611908092  
-1.583482897  
-1.783403384  
-1.579416715  
-1.364596326  
-1.252361869  
-1.047556637  
-0.8462883595  
-0.8492786086  
-0.7944312442  
-0.8851928725  
-0.809074942  
-0.4709751457  
-1.077689999  
-0.8617748966  
-0.8579238988  
-0.3027000187  
-0.1529670291  
0.3931149149  
0.7771293776  
0.7896350373  
0.7686853561  
0.8013266459  
1.077418243  
1.471874929  
1.665759107  
1.418209388  
1.487375753  
1.476695181  
1.71887569  
1.306476353  
1.626926385  
1.449765293  
1.071398886  
0.8521851828  
0.8210694447  
0.4394655137  
0.4880104528  
0.3570097633  
0.6625108147  
0.9181311604  
0.8672364669  
0.9672271594  
0.7606345169  
0.9935525989  
1.347460943  
1.11286629  
1.055394487  
1.100034712  
0.9111809563  
0.8137552931  
0.8628230106  
0.8783421894  
0.3354973963  
0.4061980036  
0.4017210316  
0.1300536109  
-0.09557887609  
-0.4914787448  
0.1583472155  
0.05237342325  
0.2246192078  
0.06961366143  
0.2443649618  
0.1648801505  
0.7056085242  
0.3591434238  
0.1017955202  
0.02638013253  
0.262815935  
0.3528189235  
0.6040260503  
0.6483787991  
0.9371621826  
0.7511919542  
0.3801974971  
0.1200784138  
0.1075955995  
0.2427485232  
0.3388639524  
-0.3186994278  
-0.5326167735  
-0.3607634884  
-0.5643415722  
-0.7022579263  
-0.7529949215  
-0.6993970823  
-1.294897281  
-0.6641164624  
-0.5839380319  
-0.7607646849  
-0.07308178504  
0.4828341818  
0.6356451711  
0.4313451176  
0.6744498267  
0.4430177042  
0.7832107161  
0.8067371469  
1.166668269  
0.8787913433  
0.8307909706  
0.8643167245  
0.697763456  
0.5905401124  
0.7626091977  
0.558784005  
0.5077649981  
0.4721729815  
0.4234514281  
0.6260740283  
1.201979378  
0.7777020055  
0.9619032964  
0.8235882206  
0.6135505617  
0.6657049609  
0.7654952988  
0.9933939472  
0.6945217681  
0.4832260768  
0.454292547  
0.241264155  
0.4567903736  
0.13575975  
0.02171514248  
-0.117620201  
-0.2016648781  
0.08164214849  
-0.1211923915  
0.1157566417  
0.6013891602  
0.3655700282  
0.3891133177  
0.6795470043  
0.1924925473  
0.1197558533  
0.6039725333  
0.3426673547  
0.006932189243  
-0.02834054035  
0.1291184874  
-0.002126874519  
0.1804350111  
0.3390722886  
-0.01203586689  
-0.3771299023  
-0.3319421594  
-0.2060507047  
-0.06470035015  
0.009436256076  
0.3913393255  
0.1968445487  
0.4269180266  
0.4029912312  
0.4807760445  
0.4487785101  
0.7508499117  
0.7238544122  
0.8235700718  
0.6401859401  
0.3962631698  
0.3644536514  
0.147011592  
0.2810883881  
0.702592791  
0.4123230221  
0.5628656714  
0.05512600591  
0.1754387455  
-0.03161489395  
-0.02887138282  
0.2064942299  
-0.2039483289  
-0.2972803835  
-1.047322383  
-1.17448879  
-1.427207022  
-0.8726410049  
-1.043108457  
-1.371172465  
-1.250773808  
-1.351247121  
-1.512058132  
-1.518128582  
-1.347893507  
-1.236046614  
-1.643601367  
-1.355362182  
-1.612788746  
-1.568237697  
-1.445102661  
