0.2489909251  
1.391952251  
3.432655857  
1.299986754  
1.237883547  
1.015161867  
1.30830671  
1.00235786  
1.487496817  
2.052352485  
1.51829695  
1.898027774  
1.802835764  
1.896350479  
2.198958302  
1.896258305  
2.548087209  
2.608092231  
1.495275432  
1.427472755  
0.7556905951  
0.4407803951  
-0.07753638255  
2.188415873  
-0.6437748257  
-0.6577382813  
-1.126690484  
-0.989121513  
-0.5570282363  
-1.132373131  
-1.358890536  
-1.53025552  
-1.392313129  
-1.012947927  
-0.378875634  
0.4110121756  
0.6157326554  
2.750935985  
0.5717963979  
0.1914563502  
0.2920620556  
0.3012190929  
0.2828230726  
0.1127563712  
-0.001935851198  
-0.3282460948  
-0.1847758778  
-0.4098969691  
-0.9466899788  
-0.7876609962  
-1.044839591  
-1.517663006  
-1.93458181  
-1.625501693  
-1.189076572  
-1.532962158  
-2.15668637  
-1.571723054  
-1.404814239  
-0.464067114  
0.374772202  
0.7793709863  
3.182783466  
1.229653186  
0.9222172903  
1.064979886  
1.027395155  
2.875290176  
0.6324092275  
0.2382696893  
-0.3501440074  
-0.3258089342  
-0.2937788264  
1.271776891  
-1.028152119  
-1.409074496  
-1.306618287  
-1.980036033  
-1.820406197  
-1.480035815  
-1.815348093  
-1.302263628  
-1.092542602  
-0.7481857243  
-0.01246960383  
-0.01508462177  
0.04260597987  
0.1794099689  
0.3383706753  
0.02392384245  
0.2675155009  
0.592036005  
0.04143492454  
-0.1028745785  
0.3337896989  
1.542399121  
-0.7603709858  
-1.283404193  
-1.100605808  
-0.901781794  
-0.7964360058  
-1.820207157  
-1.80672957  
-1.234377653  
-1.122404528  
-0.8580260565  
-0.1150596538  
0.09214595846  
-0.1057854376  
0.1903666608  
0.06007551323  
0.7461497213  
0.9050778482  
1.133579866  
1.366819643  
1.090874677  
0.9262711137  
0.6512961904  
0.4209932252  
0.5636328635  
0.1826020958  
-0.4737635024  
-0.769705478  
-1.16928762  
-1.307463565  
-1.137727982  
-0.9941771801  
-1.689719607  
-1.268811929  
-1.071558422  
-1.203032269  
-1.204871393  
-0.3257123499  
-0.5194386545  
0.499678102  
0.8775976804  
0.9260783621  
1.338840138  
1.636267259  
1.276972794  
1.330894664  
1.218076666  
0.8767353609  
2.78512934  
0.003101312078  
-0.2256189741  
-0.7691350022  
-0.8791019047  
-1.013207669  
0.6813416284  
-1.914484056  
-2.190724067  
-2.392186354  
-2.152778615  
-1.494992071  
-1.329209965  
-1.461016688  
-1.055004552  
-0.8880989116  
-0.4532748502  
-0.1499602352  
0.1757932262  
0.5105441582  
0.524987881  
1.008760171  
0.701501085  
0.9325778812  
0.4880963321  
0.3405991577  
0.296718203  
-0.6940524222  
-0.9624250001  
-1.148924484  
-1.251658352  
-1.056050203  
1.202153507  
-0.9435462236  
-0.42092084  
-0.08520537135  
0.07920694647  
-0.03474908772  
0.2902149888  
-0.06698796031  
-0.1123141941  
-0.2940232313  
-0.7769553623  
0.01422631198  
-0.4232006955  
-0.4529297779  
-0.4068224477  
-0.8939453257  
-0.6415276363  
-0.6416729529  
-0.6363385977  
1.342447821  
-1.538761027  
-0.6927566494  
-0.6737764066  
-0.2579989919  
-0.1173772675  
0.1716873508  
-0.4654213818  
0.2940128353  
-0.09648433594  
-0.887225594  
-0.857079419  
-0.8651636187  
-0.8307867771  
-1.338417662  
-1.353241664  
-1.348661437  
-1.355057027  
-0.3474419268  
-1.105719199  
-0.9670810777  
-1.266715231  
-1.100460613  
-0.6195620007  
-0.5742966072  
-1.528141432  
-1.228183976  
-1.27528015  
-1.466409981  
-1.382731677  
-0.6420045801  
0.2066603239  
0.05397968137  
0.1124211276  
0.3296600229  
0.3428912767  
0.7193083455  
0.5628872217  
1.364962168  
1.02449205  
1.129394782  
1.64228903  
1.330080982  
1.201707671  
0.9563425022  
0.8661894268  
0.8506071139  
0.736488146  
1.009289087  
0.6380605419  
0.004564167566  
0.7267538604  
0.2241146637  
1.221485438  
1.698208098  
1.229141569  
1.488715485  
1.763969595  
1.914329404  
1.482685759  
1.746643848  
1.557989136  
2.190428534  
0.7692759942  
0.5804025853  
0.1986626333  
-0.276663649  
0.1830663947  
-0.4824017526  
-0.1863549559  
-0.6786295871  
-0.8169422803  
-1.146325332  
-0.7770082637  
-0.5115436684  
-0.2198324871  
0.1487283761  
-0.2186733932  
0.000268019824  
-0.2719159243  
-0.3603789929  
-0.2872991205  
-0.07981791676  
-0.8327589232  
-0.7515894535  
-1.288655083  
-1.010421077  
-0.05830126285  
-1.084329334  
-0.6384321994  
-1.031052229  
-0.8369522565  
0.2140486058  
1.891159096  
-0.3448748589  
-0.9262953072  
-0.8958182405  
-0.8103972258  
-0.8993090425  
-0.3125401947  
0.2860958269  
0.5404013131  
0.5826402944  
0.2598873251  
0.6492943157  
1.158880222  
0.8781585524  
2.00836438  
2.366270481  
1.993178258  
2.282886294  
1.495542711  
1.433640203  
1.97279594  
0.8277663653  
1.179089813  
0.3102568558  
-0.5181574092  
-1.30579294  
-1.477813391  
-0.9338277122  
-2.143760508  
-1.342422093  
-0.9775501429  
-0.9779059213  
-0.7089793064  
-0.1835895462  
0.5337875828  
0.05793814056  
-0.4664462011  
-0.1664190867  
-0.02534233414  
-0.343912906  
-0.5622141021  
-0.4704423382  
0.1246194007  
0.6942391262  
-0.1396368339  
-0.3229622583  
-0.7789204176  
-0.5763364176  
-0.6229985525  
-0.5082756503  
0.1568099159  
0.2190457427  
0.8058832379  
1.009882418  
0.7828835673  
1.102595264  
0.857501396  
1.101791087  
1.611974821  
1.132961794  
0.7331869969  
0.6399825657  
-0.203109663  
1.642235833  
0.3275543396  
-0.3199085943  
-0.3326432441  
-0.3780647368  
-0.4511954107  
-0.4870432492  
-1.252917359  
-1.057539374  
-1.862612133  
-1.552216736  
-0.9900919923  
-1.41125255  
-0.7103254464  
-0.1040058453  
-0.4509098299  
0.09670861496  
0.2496441057  
0.1815660599  
0.2430294206  
0.2003098005  
0.7899727812  
1.968213399  
0.3287714898  
0.4612556913  
-0.6641469014  
-0.3139340686  
-0.6595444902  
0.9919745536  
-0.09867197668  
-1.153851888  
-0.7229774784  
-0.8403362049  
-0.5121791445  
0.5139718804  
0.06179106862  
0.7703476283  
1.306571488  
1.242587253  
1.26863928  
0.4543331657  
0.574467124  
-0.1835665436  
-0.00894042308  
-0.272712492  
-0.08404058116  
-0.06318176114  
-1.06665297  
-1.229675101  
-1.701949965  
-0.9436240992  
-1.468914611  
-1.065379955  
-1.304231347  
-1.270621872  
-0.8308485253  
0.1634428129  
0.5969004923  
1.360044531  
1.367137536  
1.697450674  
2.422022359  
1.978710172  
1.770477262  
1.902093531  
1.513119968  
1.712935283  
0.6703492567  
0.5654018012  
-0.1047633418  
-0.357238351  
0.06685437168  
-0.7889782751  
-0.769063997  
-0.9950401659  
-1.161997469  
-1.351663405  
-1.386915412  
-1.194794965  
-1.232708878  
-0.9772538037  
-0.2164225167  
-0.4062574536  
0.353070053  
0.816800212  
1.307587384  
1.306239939  
1.280325452  
1.841520904  
1.581166111  
0.6504340311  
0.8252820324  
0.8006947209  
0.008552245547  
-0.01309307323  
-0.9848208682  
-0.5271867093  
-1.519448373  
-1.236121798  
-0.9878357201  
-2.132387975  
-1.379136738  
-1.236295601  
-0.05728376333  
-0.006726980202  
0.564613718  
0.9105870401  
0.6067764279  
1.456952184  
1.246877799  
0.6378276222  
1.168875367  
1.054424426  
0.07907535296  
0.4551769025  
-0.5006501378  
-0.7049895471  
-0.7509673679  
-0.853607208  
-1.196304351  
-1.714339827  
-1.199880785  
-1.149711789  
-0.9789822328  
-0.2397747408  
-0.04807552699  
-0.02251807202  
0.7013024158  
0.559228786  
1.039908956  
1.560008006  
2.254900822  
2.304866227  
1.750381161  
1.615951021  
1.11936479  
1.183026067  
0.3723901968  
0.05768349381  
0.3839602393  
0.02055032888  
-0.06326955412  
-1.009149549  
-1.312634245  
-1.197093785  
-1.935255167  
-1.798548503  
-1.227863574  
-1.194928968  
-0.6253118781  
-0.6079005211  
0.06451141574  
0.02021425859  
0.3123954023  
0.8018368318  
1.225226235  
1.702231883  
1.089619217  
1.25902367  
1.685299216  
0.8633621566  
0.7837887715  
0.6759980319  
0.8025276487  
0.3517567974  
-0.5350712523  
-0.6391192471  
-1.312032755  
-1.059388007  
-0.3597679081  
-0.649411002  
-0.4503713682  
-0.1991652666  
-0.1764177199  
0.6643773789  
0.9315033487  
1.328790081  
1.477287879  
1.211308893  
1.509085768  
1.24112174  
0.8416023796  
0.6938058099  
0.7994105261  
0.6944717312  
-0.1312853781  
-0.1702679262  
-0.546233501  
-1.204371737  
-0.8098615306  
-1.20456693  
-1.035931818  
-1.493473665  
-1.651055348  
-1.523141154  
-1.223812402  
-0.2746008962  
0.631683096  
-0.4524141584  
0.4294445149  
0.6323314395  
0.5374529835  
1.400210719  
1.425481532  
0.9842831907  
1.099833739  
0.7451280874  
1.151992783  
0.889463266  
0.3151459706  
0.03714391317  
0.1695291785  
-1.1148757  
-0.8507773597  
-0.8171009607  
-1.085561795  
-1.236512159  
-1.977007529  
-1.511810996  
-1.403691197  
-1.1762126  
-0.5336575627  
-0.2698418107  
0.3890913213  
0.5224110347  
0.855030991  
1.9063677  
2.003367567  
1.959687308  
2.169124375  
1.903159997  
2.074536351  
1.741543158  
2.2430748  
2.175558195  
1.152663517  
1.211550803  
0.3921198849  
0.151688266  
-0.05557355255  
0.3383184416  
0.323792684  
-0.3752687928  
-0.06944172254  
0.2127108674  
0.5948711575  
1.525277418  
0.7253803395  
0.9274016604  
0.6021692047  
1.413104375  
1.15723505  
0.7948472656  
1.298004439  
0.6936256878  
0.3647111262  
0.1089087355  
0.04812292786  
0.3783078103  
0.1158383749  
-0.1026529009  
-0.7071819688  
-0.8465060215  
-0.5860222161  
-1.200466388  
-0.691207515  
-0.4744215126  
-0.4934365014  
0.1582185767  
0.5632218054  
1.446006944  
1.948335088  
2.001775601  
1.851602112  
1.905328847  
2.12796377  
1.131502918  
0.9199008159  
1.138954562  
0.5718592271  
-0.09277543424  
-0.3376977552  
-0.4871002418  
-1.434482206  
-1.547352674  
-1.173430416  
-1.636570466  
-2.302301804  
-2.788383306  
-2.337357774  
-2.149462136  
-1.904685609  
-0.8590362757  
-0.4068824356  
-1.078140996  
-0.5499760336  
-0.3256358067  
0.2097135389  
-0.06139427353  
0.9355370791  
1.39655321  
1.011341848  
0.6159123859  
0.5011114462  
0.5756426288  
0.115595657  
0.4579072281  
0.5728112059  
-0.5229374339  
-0.1719553344  
-0.6301161459  
-0.5465888306  
-0.2754464286  
-0.6252625994  
-0.2606379798  
-0.4676933108  
0.01803297659  
0.1420280604  
0.3363778809  
1.034076451  
1.028016476  
1.16846651  
1.059837324  
1.10468169  
1.155761583  
1.286943084  
1.559090076  
1.285932467  
0.7700571379  
0.4843849  
-0.02022382524  
0.1399609005  
-0.02847779642  
0.1259832746  
-0.1187558202  
0.4635868827  
0.9004732779  
0.808039307  
1.362280335  
1.486736916  
1.325592087  
1.196613714  
1.326759496  
1.432916401  
1.812129983  
1.240219586  
1.378087056  
0.9969297068  
0.788466682  
1.093764764  
-0.02450105844  
-0.03518092374  
-0.3278700498  
-0.5086829829  
-0.6299236704  
-1.029076924  
-0.4275770845  
-0.1998532644  
0.1897583331  
0.2881047997  
0.2142253461  
-0.2270693152  
-0.652336354  
-0.4711345141  
-0.4597788255  
-1.152296544  
-0.8948931498  
-0.6080131407  
-0.1612117091  
-0.1858416567  
-0.5944750485  
-0.1705134126  
-0.4898987155  
0.4814064955  
0.4054803717  
-0.2081781654  
-0.002240106928  
0.01422624215  
0.5057925962  
0.3910196331  
0.5710413119  
1.372911304  
0.9883129988  
0.4573049228  
0.1824516258  
0.06841731389  
-0.039675496  
-0.04507806644  
-0.4821000702  
-0.02398876394  
-1.089908967  
-0.4457659857  
-0.4928877152  
-0.2383376418  
-0.4677131493  
-0.36090403  
0.7210945657  
-0.5174040692  
-0.191577964  
-0.1937724712  
0.4453312537  
0.1966263639  
0.6233178716  
1.018681515  
0.9665562369  
1.12837112  
1.078000023  
0.7634116205  
0.8049381251  
1.421655131  
0.575043521  
0.5709878644  
-0.06212359447  
-0.5614562807  
-0.586075577  
-0.468924004  
-0.2531645443  
-0.02049265265  
-1.237535275  
-1.041537155  
-1.272433601  
-1.077163057  
-0.6153906644  
-0.1417061121  
-0.4344483124  
-0.07612398613  
0.138473562  
0.2365575738  
0.3404691057  
0.2218756014  
0.7685192385  
0.5512702634  
0.4801370085  
0.6929239621  
0.09238722783  
0.1989667482  
0.30688601  
0.6892911099  
-0.06320853539  
-0.8848698725  
-0.6376976927  
-1.036284567  
-0.6271268198  
-0.6128838924  
-1.54535981  
-1.839353959  
-1.748478629  
-1.427137594  
-2.01330836  
-1.778517668  
-1.416762785  
-1.464216582  
-1.403647706  
-0.9255426854  
-0.4181064475  
-0.08154478606  
0.2187323301  
-0.1088809491  
0.5486007975  
0.02821971057  
0.5459881559  
0.3871823426  
-0.152144722  
0.2219248622  
0.2682409623  
-0.4113485215  
-0.5099799247  
-1.32296499  
-0.6464501935  
-0.9016162133  
-0.5637833253  
-0.4788627713  
-1.081175199  
-0.9330140204  
-0.3037149955  
-0.2874705724  
0.4352947047  
0.5577430509  
1.088829974  
1.087209407  
0.2291086782  
0.9324419976  
0.3646284124  
0.6244045692  
0.6721995458  
0.9556018866  
1.196132303  
-0.178317957  
-0.1658675888  
-0.359280236  
-0.4372238638  
-0.9615539128  
-1.061107852  
-1.02438829  
-1.635146575  
-0.8817439016  
-0.5514846134  
-0.8471700425  
-0.1108340859  
0.237222804  
0.6230745461  
0.6650867964  
0.5563516699  
1.275453434  
1.01689307  
1.597663346  
1.614500481  
0.8895843944  
0.4905178612  
-0.1127671577  
0.575727021  
0.2310789334  
-0.5243864189  
-0.2425212377  
-0.4858499519  
-0.934054235  
-0.3244026399  
0.09278508517  
0.605173356  
0.7639708149  
1.626930084  
1.048062142  
1.06060417  
1.624513923  
1.024608797  
1.069385723  
0.7555518614  
0.8438980453  
0.7072468141  
-0.5163097747  
-0.3906540874  
-0.4598857589  
-0.9435596734  
-1.146923903  
-1.122180391  
-1.256862446  
-2.068117318  
-2.141709836  
-1.494704991  
-1.387574611  
-0.2713292083  
-0.05338392494  
0.02142513151  
1.03614168  
1.342040145  
1.595612206  
1.537267646  
1.921139988  
1.807748042  
0.9679376213  
0.8693669206  
-0.09824937793  
0.02982005639  
-0.3865606749  
-0.8586484812  
-0.569903515  
-1.294917319  
-1.51152509  
-1.380769847  
-1.409285576  
-0.9687559582  
-1.320867345  
-1.588928857  
-1.633291986  
-0.979230751  
-0.3929364342  
-0.3593078321  
0.2477899761  
0.04703445119  
0.4726194059  
0.5910591055  
0.1556356916  
0.6882188871  
0.228506544  
0.5212230338  
-0.0615904527  
-0.4260840818  
-0.09926611635  
-0.5285897548  
-0.5829464863  
-0.164357538  
-0.9237898889  
-0.9720692439  
-0.9863415649  
-0.2603429416  
-0.1889043819  
-0.01233205742  
0.8527015508  
0.2240880386  
1.052473253  
0.5224304602  
1.140129872  
1.35116441  
0.8128922229  
1.2815224  
0.2976420639  
0.1284826616  
-0.09826745378  
-0.6371595237  
-0.4741388693  
-0.5799275548  
-0.5396660441  
-1.105032771  
-0.9348614389  
-1.094981078  
-1.079418074  
-0.9784480126  
-0.8965322668  
-0.1532330613  
-0.858044876  
-0.8451226995  
-0.3275214703  
-0.5380163068  
0.2669458764  
0.6997625709  
0.4438564308  
0.8689246574  
0.5664903121  
0.6129672119  
0.6115147142  
0.4583691834  
0.8398015543  
0.1787826742  
-0.2135989031  
0.2528491438  
-0.1877139823  
0.3481842247  
-0.1609332393  
-0.02823877088  
-0.2670724924  
-0.858786888  
-0.4341118888  
-0.2963119398  
0.3644174229  
0.7600449017  
-0.0522977267  
0.428000742  
0.2190921965  
0.2526116979  
-0.02789717429  
-0.411514079  
0.116308065  
-0.568274843  
0.1800961554  
0.2104403128  
-0.04470329217  
0.3410677933  
0.6775917953  
0.01539596698  
0.260400527  
0.06539297315  
-0.03121374876  
-0.08812300766  
-0.0773060989  
0.2010428703  
-0.7148656002  
-0.03984671245  
0.3588658657  
1.233870568  
0.8584605424  
1.524750577  
0.9242216141  
0.4394200224  
0.7047366563  
0.4082571366  
0.1528468587  
-0.06557694165  
-0.3748178885  
-0.1916382174  
-1.562212993  
-1.389063165  
-1.612283606  
-1.778611985  
-1.521655603  
-2.026052951  
-2.101059773  
-2.373265362  
-1.208338991  
-1.256972159  
-0.3453597447  
0.1128071351  
0.3732901058  
1.043981123  
0.8557454378  
1.681100194  
1.056669552  
1.038023475  
1.839101459  
1.04248893  
1.05620983  
-0.5735245907  
-0.4193616587  
-0.6504627982  
-1.450143812  
-1.33184724  
-1.383338992  
-1.886851289  
-1.878834818  
-1.596865435  
-1.277279131  
-1.71502874  
-1.135418953  
-0.657405062  
-1.453561295  
-1.004267842  
-0.8938546868  
-0.06224805757  
0.5901780709  
0.5104597469  
0.5115533913  
0.6056996588  
0.7738724109  
0.5357132004  
0.571230916  
0.6440043945  
0.3195129598  
0.03308639113  
-0.5052592189  
-0.7901681385  
-0.3811447711  
-0.8179129342  
-0.7984490145  
-1.154523997  
-1.494366654  
-1.505363974  
-1.569667643  
-1.011873049  
-0.09127483285  
0.0001426866545  
0.4068825157  
0.2069906823  
1.09605628  
1.440375948  
0.7704396008  
1.467871618  
1.429462832  
0.8423330578  
0.5223637414  
0.5140293313  
0.8241577636  
0.3061941291  
0.7334686386  
-0.4419177378  
-0.3651126698  
-0.851795525  
-1.365126472  
-1.256821564  
-1.073561842  
-1.534192371  
-1.423782663  
-1.726889728  
-0.8895372458  
-1.129315598  
-0.2708013364  
0.5023933616  
0.3878947896  
0.9549602932  
0.03221442567  
0.9723343684  
1.073715041  
0.7537763672  
1.277609504  
0.7306522155  
0.2174628994  
-0.6180483307  
-0.588727144  
-0.7451720104  
-1.244562845  
-1.661218433  
-1.640903586  
-1.634447599  
-1.424183422  
-2.346670494  
-1.708169857  
-1.749119583  
-1.767391636  
-1.154059944  
-1.903148274  
-0.8499362338  
-0.5469178747  
-0.1597340263  
0.8524793228  
0.7668376978  
1.140385262  
1.069490591  
1.171907231  
0.8257074776  
0.1040667115  
0.391404817  
0.2301566178  
-0.3639582412  
-0.666100259  
-0.8588940572  
-0.6916953003  
-1.205242542  
-0.6079002313  
-1.179088733  
-0.9790898047  
-0.8443499616  
-1.496125467  
-1.356109599  
-1.531244748  
-1.505299199  
-1.619334389  
-0.8420288013  
-0.5422702358  
-0.5362461406  
-0.1686106475  
0.007151693413  
0.3397155484  
0.3366560616  
0.4911114299  
0.7059813542  
-0.003127055827  
0.3638609472  
0.1270570385  
0.2011731792  
0.08824270362  
-0.2309473496  
-0.2996845606  
-1.274077573  
-0.5118544869  
-0.6130965695  
-0.7126469894  
-0.5360126435  
-0.4787573454  
-0.5455489897  
-1.395231429  
-0.2967210242  
-0.3754898097  
-0.06189796426  
0.7357380643  
0.6390807005  
1.278228007  
0.9301063293  
1.54415277  
1.88628133  
1.955290881  
1.779572805  
1.186560524  
1.419095533  
1.627386124  
0.9515709016  
1.20523813  
0.8097636997  
0.507621033  
0.3216167263  
0.01429823698  
0.0640511219  
-0.03164580432  
-0.4300002981  
-0.2192465971  
-0.4979139255  
-0.546509812  
0.2190534268  
0.05245289011  
1.121620453  
0.6709185142  
1.045904755  
1.935661064  
1.727200791  
2.418258617  
1.670383571  
1.549358375  
1.327820586  
0.767714994  
0.751703192  
0.5105135092  
-0.1449102534  
0.1751824356  
-0.2800383616  
-0.6974594551  
-0.6815522195  
-1.609403034  
-1.205164766  
-1.173774613  
-0.8523757224  
-1.484532638  
-1.267060545  
-0.7126080617  
-0.1296420489  
-0.3428825573  
0.5260812619  
0.4229180701  
1.058019394  
0.5696702142  
0.07185859802  
0.2500604523  
0.4059628695  
-0.5146205631  
0.06646785792  
-0.4116841893  
-0.9323660126  
-0.675348269  
-1.440718316  
-1.01792772  
-1.536197511  
-1.908017787  
-1.172912833  
-1.471495058  
-1.350576407  
-0.7892000584  
-0.4435300338  
0.07215223089  
0.4496062076  
0.1515342945  
0.6237691058  
0.8231953189  
1.505832011  
1.3630059  
0.9194896811  
1.328530326  
1.116010631  
0.5910870722  
0.886796227  
0.7835271756  
-0.2482272086  
0.3509291774  
-0.6968681251  
-0.5067613632  
-1.034097463  
-0.5028388397  
-0.2968962977  
-1.322574334  
-0.707734883  
-0.08185448454  
0.05702435774  
0.702073346  
1.103111758  
1.28156226  
1.732809487  
1.833451899  
1.929843811  
1.768194904  
2.022075316  
2.21556385  
1.300081672  
1.438904387  
0.7974574721  
0.7488937515  
-0.02309864912  
-0.4001076077  
-0.5334733469  
-1.369208803  
-1.458373862  
-0.9332402474  
-1.235775005  
-0.5940210476  
-0.3959339372  
-0.103194435  
0.3869203716  
0.2398740132  
-0.08851575812  
0.2625456492  
-0.0492521232  
0.3905608784  
0.2722999654  
0.002409769987  
0.1701950959  
-0.3628699618  
-0.0004404463948  
-0.5193332825  
0.2089002458  
-0.370440225  
-1.108375195  
-0.7241097719  
-1.050492324  
-1.015260943  
-0.9741173953  
-1.477327547  
-1.677978104  
-1.601677259  
-1.212334251  
-0.8096326262  
-1.075456438  
-0.4710717607  
-0.06027946959  
0.06893238794  
0.9612506701  
1.210184654  
1.229400608  
1.038259918  
1.403770519  
1.595428518  
0.1923630639  
1.149909508  
0.8333074843  
0.2099478588  
0.3743257698  
-0.6322053843  
-0.4401387979  
-1.02134754  
-0.6241349498  
-0.4462708846  
-0.6165511131  
-0.7504490513  
0.1081795133  
0.274647596  
0.8296526743  
1.387408203  
1.597479991  
1.402053959  
1.300489774  
1.754976671  
1.470797123  
1.520898034  
1.153074147  
0.6237403834  
0.7645869032  
0.1299743631  
0.006464157121  
-0.6501391036  
-0.970570741  
-0.5579252502  
-0.9959435851  
-1.231043521  
-1.135325664  
-0.5663003873  
0.01664306658  
0.1489183328  
0.7702736905  
0.7709422777  
0.1816512724  
0.4827968343  
0.06207994698  
0.7574719568  
-0.0006908952027  
0.158245004  
0.1256290413  
-0.3715337255  
-0.3841235252  
-1.010659987  
-0.4966545386  
-0.7894996826  
-0.8376283884  
-0.7153498783  
-1.387664316  
-0.4823433504  
-0.03795464019  
0.1846699597  
1.174383419  
0.8900696198  
0.9413840153  
0.9149072848  
1.084904908  
1.213073624  
1.03574736  
1.171781843  
0.6572342895  
-0.342243292  
-0.5698510806  
-0.4749763283  
-0.6098071324  
-1.109736878  
-0.6248724  
-0.9133652346  
-0.7141345768  
-1.1340724  
-0.9776380105  
-0.6355791067  
-0.5690048186  
-0.2233498057  
-0.4594334608  
-0.5011217561  
-1.087730108  
-0.4771557765  
0.04590465501  
-0.2452560495  
0.2353387723  
0.01458412174  
0.3841795782  
-0.6121688642  
-0.3325989744  
0.3947332761  
-0.1217983109  
0.1849666349  
