1.321190517  
0.7664135233  
1.189040606  
0.821718539  
1.004334259  
1.201516729  
1.077615644  
1.076974029  
0.6819541839  
1.154248545  
1.621282728  
2.165093637  
1.926090743  
1.70326621  
1.515454436  
1.531185675  
0.7486639276  
0.5890540311  
0.07609913933  
-0.2943266406  
-0.7148307207  
-1.172414447  
-1.753916101  
-1.341527984  
-1.312979279  
-1.428672037  
-1.791141565  
-2.119207303  
-1.824439663  
-2.208043016  
-1.096959354  
-0.1868651328  
0.3848772823  
0.7889340146  
0.7941861407  
0.7639073862  
0.8872568218  
0.7195614954  
0.258207387  
0.0768442678  
-0.4461613666  
-0.6587909119  
-0.354321108  
-0.7323437941  
-1.147375752  
-1.29868092  
-1.417426683  
-1.808983642  
-1.487737743  
-1.7120013  
-1.676844032  
-1.498232895  
-1.933167019  
-1.819469576  
-1.949303176  
-1.287512605  
-0.5395730352  
-0.6317957102  
0.6112485556  
0.2308114912  
0.4979492411  
0.8200554028  
0.4722121405  
0.4777275019  
0.239734321  
-0.2637353621  
-0.835161139  
-0.3534305312  
-0.9479437479  
-0.5052202861  
-1.171289578  
-1.615969079  
-1.119854797  
-1.449379432  
-1.236872346  
-1.157564314  
-1.034586562  
-0.7904645671  
-0.8309520531  
-0.107287113  
0.8796305925  
1.155561469  
1.153311706  
1.465100461  
1.182157059  
1.077929981  
1.2972551  
1.052731169  
1.104012524  
0.528369607  
0.01055547995  
-0.1222497078  
-0.6832284404  
-1.023934693  
-1.087406183  
-1.007984118  
-1.150965001  
-1.186437204  
-1.819972719  
-1.646263324  
-1.43879481  
-0.8092423962  
0.1338848977  
0.50043901  
0.7721884387  
0.7377224492  
0.6606060529  
1.299132774  
1.347689024  
1.128928456  
1.567396916  
0.8905053795  
1.144905432  
1.076855526  
0.8810047111  
0.7353361431  
-0.06810214096  
-0.7830181914  
-0.4293094478  
-0.6529515881  
-0.8518150764  
-0.7555624328  
-0.8933845606  
-0.1868322494  
-0.9078034113  
-0.9336375819  
-0.7194735676  
-0.9624489714  
-0.5551185092  
-0.249320439  
0.1215813088  
-0.03281268293  
-0.002302135152  
-0.06384641453  
-0.1412019376  
0.4071824962  
0.7334373901  
0.4959006502  
0.3747555232  
0.008161494591  
-1.116772072  
-0.8596995455  
-0.9907176148  
-1.518303717  
-1.095722817  
-1.823709446  
-1.687135869  
-2.025684329  
-1.850743985  
-1.755904664  
-1.49559557  
-1.284220137  
-0.6194835357  
-0.2646634802  
0.2653947461  
0.7566261298  
1.196735961  
1.267430603  
0.8699490483  
1.510798999  
1.286882056  
1.159921083  
1.879797077  
1.541015259  
1.050757188  
0.5104190443  
-0.1219585204  
-0.005548450439  
-0.2345882564  
-0.4380602201  
-0.4021247855  
-0.582210772  
-0.01511459885  
-0.08984042744  
0.8887817394  
1.186530673  
1.734788702  
1.874468498  
1.344608048  
1.053845981  
1.028477205  
0.6506218884  
1.051152677  
0.8781265915  
0.467483351  
-0.104111892  
-0.7105673265  
-0.2766061297  
-0.08838462319  
-0.5479052941  
-0.3554672361  
-0.8376280595  
-0.9655254884  
-1.101101829  
-0.7748690067  
0.4307367098  
0.1285750743  
0.6140340062  
0.4364995489  
0.2845439098  
-0.2994133834  
-0.3250380618  
-0.168696813  
-0.339369164  
-0.4835814398  
-0.6959064302  
-0.9537924586  
-0.4792023083  
-0.3484397183  
-0.367056816  
-0.3952576487  
-0.8997495739  
-1.31896684  
-0.5516892122  
-0.1893265384  
-0.6676974818  
-1.07175111  
-0.755180438  
-0.6615818849  
-0.5645050996  
-0.5130350083  
-0.1820361366  
0.4248409831  
0.4663914566  
1.210479962  
1.548949197  
1.365220317  
0.9746540786  
1.65847774  
1.903788448  
1.923283081  
2.097212534  
1.620934757  
1.784279732  
1.456303093  
0.9967909722  
1.324418273  
1.491861144  
1.367355676  
0.5978415513  
0.4785740556  
0.5962652614  
0.2685316452  
0.6943091946  
1.322870942  
1.16249187  
2.216818252  
2.054113397  
1.930627288  
2.213971732  
1.835013764  
2.574589275  
1.929684328  
1.764405122  
1.175282154  
0.8768740171  
0.5102419305  
0.3377086922  
0.7242899832  
-0.1541596647  
-0.3987217262  
-0.7319981972  
-0.2310940159  
-0.3676840792  
-0.3854503657  
0.3109996334  
0.5194702324  
0.5836878731  
0.4615291677  
0.2827853137  
0.1347157695  
-0.07132029133  
-0.1282713288  
-0.3007473354  
-0.1046768386  
-0.01634445548  
-0.1017261405  
-0.1977983637  
-0.630114642  
-0.2818041173  
-0.4242358167  
-0.136970978  
0.2485437663  
-0.01049464644  
0.06235820321  
-0.3655797085  
-0.3932728277  
-0.2754361609  
0.2661382072  
0.4534201195  
0.3951280395  
0.5432222973  
1.288337266  
1.124665732  
1.592739784  
1.542017682  
1.727119568  
2.005196099  
1.300460504  
1.055455746  
2.317019412  
1.385694134  
1.59197766  
0.8549400906  
0.2406220978  
0.5630505789  
0.1679853644  
-0.238338508  
-0.3620343416  
-0.9587285382  
-1.079976928  
-1.438084095  
-1.232680356  
-0.9639757522  
-0.06356319335  
1.161318825  
1.246570499  
1.10280815  
1.256290368  
1.193837568  
0.8504802968  
0.1278486843  
0.8707012061  
0.409096386  
-0.04568281453  
-0.07156418475  
-0.3022659231  
-0.6680845634  
-0.7506858929  
-0.7025328295  
-0.7474744049  
-0.6714611544  
-0.799400396  
-0.8369066634  
-0.8621803494  
-0.3424043941  
0.1364341745  
0.5791359476  
0.5416344455  
0.4784185542  
1.102149532  
0.4537693646  
0.3660760741  
0.555630022  
-0.2766364055  
-0.1724758093  
-0.4379597659  
-0.7682964521  
-0.8995622126  
-1.482091959  
-1.219295966  
-1.365514158  
-1.2851201  
-1.560371527  
-1.948053489  
-2.275776581  
-2.251425006  
-2.238662116  
-1.872400028  
-0.8415290751  
-0.5084000868  
0.006520696184  
0.5005276105  
-0.3325869456  
0.1349598276  
0.7517492479  
0.3780087811  
0.6169632191  
0.2828500501  
0.3136614562  
-0.0657531976  
-0.3860827793  
0.2487134696  
-0.4515382606  
-0.4415213456  
-0.7842291126  
-1.182165138  
-1.200234465  
-1.20744061  
-1.15065789  
-0.3959802083  
0.07425477955  
0.7809491785  
1.07921208  
1.061098471  
1.320075893  
0.592626404  
0.5739885091  
0.3656272532  
0.09083495186  
0.487375845  
-0.1423199323  
-0.2006075983  
-0.8617959441  
-0.9442803108  
-0.8911858243  
-0.5853461869  
-0.378644902  
-1.133111212  
-0.8230473012  
-1.288923414  
-1.092131664  
-0.6993712853  
0.01547881433  
0.4871995244  
0.4303535404  
0.8331698255  
0.7817070963  
0.939714028  
1.415216515  
0.8254231627  
1.065653271  
0.4700330276  
-0.3205793534  
-0.1930518598  
-0.9981969814  
-0.700296588  
-1.019933852  
-1.467945969  
-1.651268988  
-2.047407972  
-1.67561537  
-1.371837424  
-1.565086416  
-1.556893065  
-1.867732277  
-1.794005515  
-1.880916902  
-1.233897815  
-0.1450690642  
0.7718362092  
0.8625638024  
1.745857443  
1.331625983  
1.329357955  
1.414186659  
1.204333628  
1.030108129  
0.7550771607  
0.4354821063  
-0.3952028256  
-0.8423237486  
-0.7970607893  
-0.8409631001  
-0.7696034515  
-1.159615434  
-1.762466694  
-1.71474192  
-1.794420776  
-0.6222542801  
0.2310125262  
0.5171990468  
1.117767917  
1.109472172  
1.205917633  
1.195581499  
1.047811825  
1.05764147  
0.6638939682  
0.4114203177  
-0.05864785345  
-0.7495288944  
-1.003313419  
-0.7409138199  
-1.078341733  
-0.9213473881  
-2.057517109  
-1.549867579  
-2.067406341  
-1.03467554  
-0.6450461202  
-0.4425044233  
-0.2687267414  
-0.5308030452  
-0.03672866792  
0.5395759782  
0.6191609186  
1.071350534  
0.5544065205  
0.05732711754  
-0.06285177518  
-0.4505592406  
-0.205937523  
-0.2518781712  
-0.06130075517  
-0.03153134291  
-0.6105707121  
-0.8441179276  
-1.094613706  
-1.435747895  
-1.597075051  
-1.778720671  
-1.381523867  
-1.456145478  
-1.406044408  
-1.072052598  
-1.208150848  
-0.8444469052  
-0.3410762799  
0.8626680941  
1.167589278  
0.9196019291  
1.339603841  
0.8096315656  
1.246902868  
0.6629238019  
0.5249513657  
0.6676610936  
0.1457299187  
0.07081096013  
-0.1325690454  
-1.01419877  
-0.9770675731  
-1.194337074  
-0.9838866805  
-0.845536155  
-1.145077214  
-0.6483625619  
-0.2034141664  
0.1339591103  
1.000162813  
1.269600914  
1.548759213  
1.608314393  
1.577298082  
1.564166469  
1.524939933  
1.839351906  
1.152519612  
0.843009603  
0.1429723075  
-0.2844967832  
-0.5681255129  
-0.8590910786  
-0.771290706  
-0.9675440783  
-1.337934394  
-1.40638174  
-1.490931481  
-1.411554128  
-1.143862683  
-1.424957144  
-0.606952346  
-0.6558630979  
-0.2382811179  
-0.1284997882  
0.2236737359  
0.2404209687  
0.7270580256  
0.4046340634  
0.6496229099  
0.707377259  
0.5566018472  
0.6278801372  
0.6403309822  
0.3430675775  
0.04878665384  
-0.6142888274  
-0.5670969729  
-0.61578406  
-0.9784279938  
-1.344478149  
-1.144508672  
-1.53249997  
-1.346483176  
-1.425767808  
-0.9143245076  
-0.3057243403  
-0.1235607819  
0.7443309247  
0.8972570305  
1.315097759  
1.87342344  
1.899322266  
2.042904622  
2.223568195  
1.876783171  
1.987638346  
1.895430931  
1.920998244  
1.838741299  
1.247843887  
0.6034816877  
-0.1630207726  
-0.07571226738  
-0.2110605632  
-0.7529102442  
-0.6476537999  
-0.4854896927  
-0.3829748178  
0.2015728597  
0.8253087605  
1.367341439  
0.9580343017  
0.9347410666  
0.7561251136  
0.7591458511  
1.046985289  
0.7437626332  
0.9882813465  
0.4950654029  
0.5707465412  
0.2127872472  
-0.2695340172  
0.05970272075  
-0.2403690488  
-0.06928688742  
-0.3059897763  
-0.507545719  
-0.7369619781  
-0.8129826416  
-0.5274639176  
-0.7195310864  
-0.07643711648  
-0.01993273126  
-0.165308652  
0.8432381604  
0.9602067795  
1.078196692  
1.213959516  
1.142382041  
0.8692167397  
0.8802073779  
0.6760858064  
0.08062184138  
-0.3706316582  
-0.6197605365  
-1.114881472  
-1.388686255  
-1.477521069  
-1.681869146  
-1.847799308  
-2.156667159  
-1.966852985  
-2.482357711  
-2.843013176  
-2.444508098  
-1.998366759  
-1.161944226  
-1.049209214  
-0.3194114369  
-0.2762991343  
0.1131567185  
0.1038899679  
0.8993284727  
1.048461751  
1.156189722  
0.9805539457  
1.318030393  
0.2852834327  
0.5496718452  
0.2324809036  
-0.4271219533  
-0.2448706223  
-0.7986561694  
-0.665405346  
-1.033953364  
-0.8810462715  
-0.8401008995  
-1.183353973  
-0.600801287  
-0.4915855632  
0.1385245201  
0.7109091641  
0.7160485817  
1.125914281  
0.9339894349  
1.262672426  
0.7976232121  
0.8201664623  
1.098042641  
0.7871738911  
0.9721072508  
0.4666859355  
0.4179234347  
-0.2539538814  
-0.2437864688  
-0.2551690819  
-1.012745784  
-0.6174925457  
-0.6829645859  
-0.6487441796  
-0.3794035433  
-0.261696933  
0.6494646912  
0.5093120395  
0.717822181  
0.7432870366  
0.5379294564  
0.2281510071  
0.9678388559  
0.5723397692  
0.6529703849  
0.2243033811  
0.1542730108  
-0.4106579137  
-0.4882259605  
-0.2589999462  
-0.8216672248  
-1.117804522  
-1.377341626  
-1.906988874  
-1.434456304  
-0.9361882575  
0.1274759011  
0.5254643444  
0.3856957321  
0.1175219201  
-0.2763988216  
-0.4984199237  
-0.7994184978  
-0.241345678  
-0.413748535  
-0.3788504487  
-0.5150094386  
-0.6527471282  
-0.9643168785  
-0.7104788367  
-0.9991252996  
-0.3645959988  
-0.2670697705  
-0.8290368891  
-0.5243147426  
-0.7424282153  
-0.6428356481  
0.2037516326  
0.1635590614  
0.5368100231  
0.1797528597  
0.2701808609  
-0.5523901396  
-0.07481213806  
-0.4509966297  
-0.4431276328  
-0.4362996556  
-0.7724698522  
-0.5323243976  
-1.273565933  
-1.580509255  
-0.6439339746  
-0.5197611782  
-0.2600031631  
-0.5714295757  
-1.320654152  
-0.4258885947  
-1.229068692  
-0.312761244  
-0.2174323615  
-0.1637610017  
0.01369409788  
0.3016656336  
0.205346992  
0.8052048718  
0.8072231012  
0.8391578957  
1.161590299  
0.9523089198  
0.682769952  
0.6311890156  
0.5455931259  
0.3663862807  
-0.2367352058  
-0.4379215071  
-0.4392786463  
-0.7217267698  
-0.5951050732  
-0.5173070697  
-0.8596381675  
-0.6117105399  
-0.2932003578  
0.246363274  
-0.06613383398  
0.1748998926  
1.035678448  
1.163328825  
1.431015267  
1.401917155  
1.21649456  
1.182377638  
1.024708397  
0.6014524286  
1.16875808  
0.9029618128  
0.5234287142  
0.03849468972  
-0.5222153914  
-0.6669977667  
-1.249002172  
-0.1519940725  
-0.6861540194  
-0.7576509509  
-0.8166903642  
-1.441136248  
-0.6448881164  
-0.7036998616  
-0.488180777  
-0.9305580212  
-0.7832544348  
-0.475348649  
-0.6602930629  
0.4419911112  
0.7149274154  
1.266661331  
1.372325776  
0.9113264652  
1.134550072  
1.182983932  
1.407445829  
0.5074153258  
1.283337085  
0.708524396  
0.5813925106  
-0.07572769896  
-0.0926176243  
-0.374857337  
-0.6594607417  
-0.1540377619  
-0.2249309959  
-0.8961607708  
-0.8781497338  
-1.537377093  
-0.9870881648  
0.08894890578  
0.4826078522  
0.60568796  
0.6336922327  
0.6610296105  
0.6157334129  
-0.1734487251  
0.9113493105  
1.083238887  
1.086245783  
1.107407537  
0.5109593766  
0.3599571167  
0.02040750603  
-0.4324777099  
0.07996591403  
-0.433329021  
-0.5572002059  
-0.8669046901  
-0.6771514573  
-0.8634472607  
-0.291263709  
0.279069393  
0.9888192875  
1.113978944  
1.679303161  
1.825254643  
2.140897994  
2.161637922  
2.606223367  
2.365776585  
2.043723201  
1.598370682  
0.2811015885  
0.2140322465  
0.1380774955  
0.2022460536  
0.08912721238  
-0.09409012904  
-0.0115489393  
-0.2846670415  
-0.7468601948  
0.5593392898  
0.7506435283  
1.831239121  
1.526669996  
1.407043676  
1.752971779  
1.39494673  
1.630533969  
1.246883999  
0.8934830238  
0.42628796  
-0.3394569089  
-0.2941934277  
-0.6977313389  
-0.5683793466  
-0.667860943  
-1.178883462  
-0.9832584799  
-1.365200699  
-0.8473140473  
-1.846742039  
-1.323757305  
-0.3348825251  
-0.613618065  
0.5127595138  
0.6044793989  
0.4114241314  
0.64081183  
1.469386793  
1.700230562  
1.23216389  
0.9862314535  
0.3461331825  
-0.2518694825  
0.1093717538  
-0.5727242101  
-0.4841582057  
-0.4139240008  
-1.356046215  
-1.391542848  
-1.097105056  
-1.373596746  
-1.081626712  
-1.109285766  
-0.927056737  
-1.554078123  
-0.6401694874  
-0.523894375  
0.1472297495  
1.193165858  
1.260883228  
1.694639599  
1.337239057  
0.8727654757  
1.877608517  
1.311702914  
1.811438162  
1.682562111  
0.818260021  
0.7548115273  
0.1360055109  
0.356286913  
0.4240054089  
-0.05069599053  
-0.1475624292  
-0.8936264812  
-0.9508699239  
-0.5247647439  
0.6118107557  
0.8615074713  
0.7364942891  
1.236901149  
1.84020066  
2.156543505  
2.269028549  
1.710318555  
1.648772717  
1.069932458  
0.7445805654  
0.7474807135  
0.1291021677  
0.3539887914  
-0.02767819025  
-0.1832942278  
-0.6054631439  
-1.140437192  
-1.123611164  
-0.9551859571  
-0.2031032759  
-0.4965175749  
0.02867095065  
-0.1458878691  
-0.2274529518  
-0.3904944545  
-0.2208783596  
0.8922235401  
0.5992847882  
0.08352438358  
-0.1937185185  
-0.3573632041  
0.5117024733  
0.3449762416  
-0.08371861238  
0.1279954418  
0.2096410753  
-0.2027059728  
-0.1673314362  
-0.5112917332  
0.05072015338  
0.07927629531  
0.3736818627  
0.01256633927  
-0.8365840687  
-0.6585870186  
-0.4660597593  
0.4595797413  
0.9013316454  
0.8589429835  
1.146527065  
1.169509722  
1.123078422  
1.322449468  
0.9804800449  
1.027327342  
0.3193758529  
0.1866137779  
0.2501378406  
0.1241727305  
0.701126505  
0.2658679694  
0.3575282789  
0.05904363083  
0.2344128285  
0.4063679304  
0.1513681124  
0.1617534157  
-0.2004269423  
-0.8015884084  
-0.8104930001  
-0.1966517777  
0.3616019465  
1.111683786  
0.9335142461  
1.449837999  
0.5748969224  
1.006632739  
0.8524222021  
1.275791078  
0.9942441192  
0.6267206562  
0.4696520605  
-0.1815506811  
-0.6899032194  
-0.7244901152  
-0.8261227592  
-1.190915175  
-1.462052141  
-1.406153355  
-1.120127394  
-1.306994167  
-1.110486082  
-0.4141078564  
0.4674259701  
0.2543528285  
0.8387857967  
1.337242479  
1.363743028  
1.186915807  
1.365498184  
1.383290995  
1.024701361  
1.081366534  
0.9712362425  
-0.2188187864  
-0.7628288376  
-0.9509240448  
-0.6816343961  
-0.9868741648  
-1.310298358  
-1.017342088  
-1.797703723  
-1.449498501  
-1.006828113  
-1.068943115  
-0.9818821047  
-1.307835474  
-0.8591544746  
-1.130912963  
-0.8432417799  
-0.02113657095  
0.048116721  
0.9130811083  
0.7290302116  
0.8854859416  
0.9914649619  
0.5071252888  
0.7778197145  
0.2621226314  
0.1512862936  
-0.03874877506  
-0.2158382404  
-0.1535100952  
-0.3284602054  
-0.3130852122  
-0.7267983898  
-1.450939566  
-1.191183026  
-1.339929146  
-0.8877739782  
-0.9374840852  
-0.8282957021  
-0.03250683535  
0.2581124287  
1.114761812  
1.348859775  
1.728146041  
2.465910662  
1.416390348  
1.4438634  
0.8308574364  
0.4343345164  
0.5688795886  
0.5559616162  
0.3760790667  
0.1839292659  
-0.1427244258  
-1.108494241  
-1.586253862  
-0.9446004198  
-1.546961649  
-1.488601702  
-1.490907112  
-1.783782838  
-1.873581911  
-1.542625185  
-0.5665692937  
-0.02628041953  
0.1118446904  
0.5179394783  
0.2141754624  
0.556875775  
0.66006605  
0.6023786338  
1.214492083  
0.6478490285  
0.3414997809  
-0.5841515565  
-0.8719763925  
-1.035370096  
-1.371802806  
-1.424052632  
-1.719620903  
-1.953771345  
-2.568081647  
-2.186047317  
-1.967008149  
-1.96147542  
-1.728366129  
-1.380105473  
-1.865211155  
-1.335950933  
-0.5358097521  
0.3092323965  
1.336364297  
1.317645254  
1.755274991  
1.729794535  
1.598393036  
1.539312125  
1.373670812  
1.286157259  
0.4142277636  
-0.1972012895  
-0.6229007399  
-1.256876686  
-1.294063738  
-1.485055764  
-0.8246207194  
-1.100956423  
-0.9561713595  
-1.461230897  
-1.946904813  
-1.498741707  
-1.326246824  
-1.155800758  
-1.299442238  
-1.172687962  
-0.9011296926  
-1.048210798  
-0.4954327762  
0.1364055678  
0.8234831763  
1.066689429  
0.9460351597  
1.136308158  
0.7452118741  
0.8714543172  
0.8549304216  
1.172553598  
0.86912029  
0.4901127786  
0.6623350544  
-0.1433701316  
-0.05567574318  
-0.5176361596  
-0.6498906059  
-0.2730645912  
-0.576832092  
-0.593284599  
-0.9119842716  
-0.7403181453  
-0.4489537706  
-0.6803653266  
0.4176696765  
-0.1706645354  
0.2843770598  
0.09718562439  
0.4600646423  
1.135022783  
0.8171431142  
1.085641691  
0.6815952476  
0.7734709354  
0.469342186  
0.5012473134  
0.8970852522  
0.4400079854  
-0.2212667369  
-0.08950995275  
-0.5120640728  
-0.5448197473  
-0.3832514771  
-0.3840783805  
-0.4245785922  
-0.8896050244  
-0.619811469  
-0.4346312926  
-0.334220006  
0.7737945321  
0.3738692448  
0.6927989763  
1.266038469  
1.354695916  
1.97759588  
2.055475645  
1.820127712  
1.334677332  
0.3925299076  
0.6257991653  
0.3009884832  
-0.1417129225  
0.3044266127  
-0.6423796055  
-1.129760497  
-1.351805052  
-1.295358335  
-1.092579898  
-1.153128193  
-1.245546244  
-1.119150782  
-1.297195944  
-0.9737835609  
-0.4941777364  
0.7035387996  
1.81229716  
1.676413554  
1.706641879  
1.913518881  
1.705174716  
1.503334384  
0.2499843992  
0.2064882753  
0.1265865286  
-0.2646860811  
-0.4293451428  
-0.1952631982  
-0.8271506297  
-1.079551017  
-1.701073543  
-1.938004389  
-2.295839936  
-2.296513879  
-1.981754401  
-1.674548839  
-1.211681472  
-0.3491110695  
-0.09353120515  
0.08273160397  
0.4254043711  
0.4471258069  
0.5939122717  
0.8246867062  
0.377720506  
0.7593751744  
0.66355658  
0.636648572  
0.8532431906  
0.1486394637  
0.3647521766  
-0.3095520113  
-0.4852947439  
-0.6612760499  
-0.625050487  
-0.7688585649  
-0.9973193893  
-1.345793401  
-0.8693698309  
-1.281413091  
-1.078917501  
0.3684938705  
0.4983344498  
0.6293413086  
1.202285361  
0.7239050194  
1.643356298  
2.033776814  
2.119526172  
1.707665409  
1.47555475  
1.723525059  
0.3221928764  
0.5225678412  
-0.01445970968  
-0.6421711281  
-0.8396015727  
-1.361141598  
-1.014795232  
-1.925949341  
-1.701102723  
-0.8498224463  
-0.694958609  
-0.1407565914  
-0.1295093599  
0.04355815598  
0.04824373357  
0.1047285597  
-0.2042438647  
-0.1825838683  
-0.07639952562  
-0.4307734423  
-0.1728178415  
-0.1829294001  
0.02765889358  
-0.1194223134  
-0.3281767825  
-0.3084303342  
-1.251937341  
-0.8859638427  
-1.255113685  
-1.204708679  
-1.057562483  
-1.128569164  
-1.075046585  
-1.316084456  
-1.308510463  
-1.528374914  
-0.935838059  
-0.6664391521  
-0.1288950599  
0.09309301447  
0.4443465877  
0.4859685394  
0.8735706063  
1.279721656  
1.204796919  
0.9252602915  
0.6814046599  
0.9536532207  
0.6577881907  
0.4602199673  
1.388953049  
0.05342902391  
-0.06370925524  
-0.3794013029  
-0.3408624477  
-0.009071830201  
-0.4252734214  
0.06337619643  
-0.03689451076  
0.1557114831  
0.6887911301  
0.9167548331  
1.30945671  
1.437381285  
1.870499271  
1.697159168  
1.030008088  
1.505205416  
1.137634176  
0.7757900602  
0.6394690528  
0.2163566069  
-0.2393526167  
0.0132128514  
-0.2499817389  
-0.3480564248  
-0.3685695951  
-0.5994893384  
-0.292838398  
-0.2938858039  
0.348078502  
0.6995192384  
1.411827269  
1.578475834  
1.43523464  
1.036640174  
0.4999226452  
0.5604398006  
1.095344846  
0.8130837073  
0.5095182794  
-0.5974693414  
-0.3150203809  
-0.7470394117  
-0.4141869732  
-0.4449848756  
-0.6909448684  
-0.0972008598  
-0.9431149117  
-0.4242156306  
-0.4723972101  
0.2472052409  
1.600824166  
1.329686258  
1.589440868  
1.159827926  
1.757107047  
1.501046695  
1.688395141  
1.213981046  
1.157837986  
0.9056894499  
0.01062477854  
-0.0789128868  
0.1581415783  
0.04293574252  
0.1356470456  
-0.691880344  
-0.2446704156  
-1.035011564  
-1.127958451  
-0.7460751795  
-0.72290634  
-0.2916071357  
-0.9325278161  
-0.5204869858  
-1.189251443  
-1.24037039  
-0.8056756503  
-0.7499497324  
0.263308948  
-0.1522836919  
-0.5100885141  
-0.9282606854  
-0.7991566074  
-0.8781688525  
-1.076871504  
-0.7246161908  
-1.008997736  
-0.9800938346  
-1.267377272  
-1.188834549  
